time_x	cp_y
5	0.0061
6	0.00492
7	0.00194
8	-0.00202
9	-0.00594
10	-0.00757
11	-0.0081
12	-0.00721
13	-0.0044
14	-8.95532E-4
15	0.00135
16	0.00294
17	0.0031
18	0.00205
19	1.98135E-4
20	-0.0014
21	-0.00302
22	-0.00338
23	-0.00312
24	-0.00152
25	-7.49398E-5
26	8.50772E-4
27	7.77761E-4
28	0.00135
29	0.00412
30	0.00656
31	0.00843
32	0.00929
33	0.00928
34	0.00503
35	0.00167
36	-1.81295E-4
37	-0.00226
38	-0.0037
39	-0.00175
40	0.00146
41	0.00427
42	0.00818
43	0.00954
44	0.00792
45	0.00354
46	-1.15843E-4
47	-0.00363
48	-0.00445
49	-0.00537
50	-0.00488
51	-0.00475
52	-0.00483
53	-0.0049
54	-0.00384
55	-0.0033
56	-0.00295
57	-0.00195
58	-0.00127
59	-2.90292E-5
60	0.00115
61	0.0018
62	-0.02116
63	-0.07528
64	-0.12522
65	-0.17362
66	-0.2259
67	-0.25832
68	-0.25392
69	-0.24533
70	-0.22749
71	-0.19713
72	-0.15764
73	-0.11996
74	-0.08817
75	-0.06565
76	-0.05082
77	-0.04046
78	-0.0338
79	-0.02979
80	-0.0261
81	-0.0228
82	-0.01983
83	-0.01753
84	-0.01451
85	-0.01295
86	-0.01123
87	-0.00974
88	-0.00766
89	-0.00703
90	-0.00537
91	-0.00331
92	-0.00151
93	-6.45156E-4
94	6.56688E-4
95	0.00145
96	0.00146
97	0.00146
98	0.00188
99	0.00131
100	0.0011
101	0.0026
102	0.00302
103	0.00302
104	0.00298
105	0.00261
106	0.00171
107	0.00177
108	0.00164
109	0.00286
110	0.00374
111	0.00563
112	0.0055
113	0.00503
114	0.00618
115	0.00769
116	0.00818
117	0.0098
118	0.01213
119	0.01198
120	0.01002
121	0.00477
122	2.77625E-4
123	-0.00163
124	-0.00117
125	0.00226
126	0.0071
127	0.01116
128	0.01189
129	0.00976
130	0.00637
131	0.00315
132	-8.48302E-6
133	-0.00189
134	-0.00319
135	-0.00342
136	-0.00376
137	-0.00389
138	-0.00567
139	-0.00696
140	-0.0082
141	-0.00776
142	-0.00678
143	-0.00387
144	-8.45194E-4
145	0.00234
146	0.00437
147	0.00505
148	0.00476
149	0.00365
150	0.00147
151	-0.00108
152	-0.00266
153	-0.00302
154	-0.00315
155	-0.00263
156	-0.00141
157	-7.22482E-4
158	-0.00138
159	-3.33757E-4
160	2.65605E-4
161	0.00117
162	0.0024
163	0.00331
164	0.00228
165	1.7127E-4
166	-0.00164
167	-0.0013
168	6.71172E-4
169	0.0016
170	0.003
171	0.00512
172	0.00604
173	0.00587
174	0.00782
175	0.00816
176	0.00557
177	0.00253
178	-8.51365E-5
179	-0.00387
180	-0.00492
181	-0.00487
182	-0.01792
183	-0.08349
184	-0.18731
185	-0.29531
186	-0.40557
187	-0.51664
188	-0.58609
189	-0.60819
190	-0.61095
191	-0.59046
192	-0.53621
193	-0.45445
194	-0.36825
195	-0.28955
196	-0.22702
197	-0.18066
198	-0.14809
199	-0.12697
200	-0.11287
201	-0.10093
202	-0.09057
203	-0.0813
204	-0.07099
205	-0.06168
206	-0.05295
207	-0.04515
208	-0.03859
209	-0.0342
210	-0.02941
211	-0.02699
212	-0.02489
213	-0.02305
214	-0.02073
215	-0.01776
216	-0.01357
217	-0.01059
218	-0.00718
219	-0.00488
220	-0.00444
221	-0.00402
222	-0.00387
223	-0.00441
224	-0.00504
225	-0.00471
226	-0.00488
227	-0.00425
228	-0.00312
229	-0.00132
230	-0.00133
231	-0.00137
232	-7.74814E-4
233	-7.88405E-4
234	-0.00138
235	-3.34244E-4
236	1.72837E-4
237	-4.20083E-4
238	-0.00139
239	-0.00175
240	-0.00209
241	-0.00187
242	-0.00157
243	-0.00138
244	-0.00114
245	-0.00158
246	-0.00179
247	-0.00204
248	-0.00118
249	-6.8527E-4
250	-6.63011E-4
251	-8.80752E-4
252	-8.38493E-4
253	-9.16324E-4
254	-0.0013
255	-8.16368E-4
256	4.6361E-4
257	0.00107
258	7.63566E-4
259	8.91814E-4
260	0.0016
261	5.28237E-4
262	-4.35512E-5
263	4.1466E-4
264	7.51479E-4
265	-1.21826E-4
266	-2.51304E-5
267	2.15649E-5
268	-6.9174E-4
269	-6.76322E-4
270	7.88845E-5
271	1.54091E-4
272	1.39298E-4
273	5.84504E-4
274	-1.91416E-4
275	-4.77622E-4
276	1.76172E-4
277	3.69967E-4
278	2.23761E-4
279	4.16557E-4
280	-5.01002E-4
281	-0.00152
282	-0.00133
283	-0.00122
284	-6.6203E-4
285	6.59241E-4
286	0.00164
287	0.00171
288	0.00154
289	5.53776E-4
290	-5.95843E-4
291	-0.00161
292	-0.00168
293	-0.0012
294	-2.04731E-4
295	4.34907E-4
296	0.00115
297	0.00112
298	4.93824E-4
299	-4.67588E-5
300	2.82433E-4
301	5.16254E-5
302	-0.00819
303	-0.05855
304	-0.14451
305	-0.23761
306	-0.33531
307	-0.44031
308	-0.51758
309	-0.55648
310	-0.57667
311	-0.57364
312	-0.53634
313	-0.46668
314	-0.38772
315	-0.31282
316	-0.24908
317	-0.2005
318	-0.16648
319	-0.14154
320	-0.12215
321	-0.10831
322	-0.09601
323	-0.08416
324	-0.07387
325	-0.06471
326	-0.05529
327	-0.0474
328	-0.041
329	-0.03518
330	-0.03028
331	-0.02612
332	-0.02206
333	-0.0191
334	-0.01658
335	-0.0148
336	-0.01273
337	-0.01109
338	-0.01012
339	-0.00931
340	-0.00839
341	-0.00804
342	-0.00764
343	-0.00604
344	-0.00581
345	-0.00557
346	-0.00546
347	-0.00468
348	-0.00486
349	-0.0027
350	-6.37868E-4
351	8.25877E-4
352	0.00177
353	0.00264
354	0.00216
355	0.00251
356	0.00195
357	9.02162E-4
358	2.97253E-4
359	-0.00128
360	-0.00238
361	-0.00221
362	-0.00124
363	-8.71598E-4
364	-2.24998E-4
365	-0.0011
366	-0.00143
367	-0.00251
368	-0.00233
369	-0.0021
370	-4.34321E-4
371	4.86201E-4
372	3.16722E-4
373	-0.00113
374	-3.42234E-4
375	2.50256E-4
376	0.00169
377	0.00486
378	0.00789
379	0.00813
380	0.00677
381	0.00408
382	0.00108
383	-4.46423E-4
384	-0.00131
385	-0.00193
386	-0.00224
387	-0.00288
388	-0.00426
389	-0.00496
390	-0.00533
391	-0.00438
392	-0.00213
393	-3.81544E-4
394	3.06989E-4
395	0.00168
396	0.00205
397	0.00136
398	0.00212
399	0.00331
400	0.00318
401	0.00237
402	0.00158
403	3.02501E-4
404	-5.3917E-4
405	-3.51097E-4
406	-3.93894E-4
407	-0.00123
408	-0.0023
409	-0.00289
410	-0.00384
411	-0.00374
412	-0.00248
413	-0.00106
414	4.35331E-4
415	0.00155
416	0.00189
417	0.00241
418	0.00201
419	0.00118
420	0.00104
421	0.0019
422	-0.00508
423	-0.04948
424	-0.12288
425	-0.20364
426	-0.29315
427	-0.39209
428	-0.46637
429	-0.5122
430	-0.54108
431	-0.54744
432	-0.51912
433	-0.46184
434	-0.39103
435	-0.32099
436	-0.25867
437	-0.20999
438	-0.17425
439	-0.14876
440	-0.12843
441	-0.11268
442	-0.09918
443	-0.08688
444	-0.07646
445	-0.06785
446	-0.05939
447	-0.05343
448	-0.04819
449	-0.04281
450	-0.03709
451	-0.03173
452	-0.02644
453	-0.02195
454	-0.0188
455	-0.01778
456	-0.01744
457	-0.01628
458	-0.01351
459	-0.01068
460	-0.0091
461	-0.00796
462	-0.00695
463	-0.00599
464	-0.00485
465	-0.00303
466	-0.00225
467	-0.002
468	-0.00337
469	-0.00403
470	-0.00315
471	-0.0011
472	-3.1745E-4
473	7.04316E-4
474	8.56081E-4
475	-5.02153E-4
476	-0.00171
477	-0.00139
478	-0.00133
479	-8.67155E-4
480	-9.59995E-5
481	-2.35016E-4
482	5.05604E-4
483	9.16224E-4
484	2.56843E-4
485	-6.62537E-4
486	-9.12024E-4
487	-0.00197
488	-0.00223
489	-0.00228
490	-0.00171
491	-0.00214
492	-0.00225
493	-0.00237
494	-0.00145
495	-4.68799E-4
496	0.0011
497	0.00203
498	0.00283
499	0.00268
500	0.00182
501	0.00118
502	0.00142
503	9.27573E-4
504	0.00125
505	0.00192
506	0.00113
507	3.16479E-4
508	-7.31928E-5
509	-4.12865E-4
510	-7.12537E-4
511	0.00196
512	0.00486
513	0.00774
514	0.00924
515	0.00948
516	0.00672
517	0.00291
518	-0.00107
519	-0.00423
520	-0.00559
521	-0.00584
522	-0.00592
523	-0.00496
524	-0.00392
525	-0.00326
526	-0.00174
527	-6.28654E-4
528	-0.00102
529	-0.00192
530	-0.00188
531	-0.0016
532	-0.00156
533	-0.00122
534	-7.74872E-5
535	4.90386E-4
536	8.28259E-4
537	0.00164
538	0.00166
539	0.00105
540	-2.6259E-4
541	-0.00143
542	-0.00858
543	-0.04258
544	-0.0971
545	-0.1592
546	-0.2306
547	-0.30827
548	-0.37038
549	-0.41541
550	-0.45157
551	-0.47232
552	-0.4691
553	-0.44003
554	-0.39689
555	-0.34444
556	-0.29288
557	-0.24845
558	-0.21266
559	-0.18323
560	-0.16094
561	-0.14187
562	-0.12415
563	-0.11008
564	-0.09783
565	-0.08827
566	-0.08011
567	-0.07349
568	-0.06589
569	-0.05875
570	-0.05176
571	-0.04522
572	-0.03986
573	-0.03628
574	-0.03316
575	-0.02972
576	-0.02717
577	-0.02443
578	-0.02167
579	-0.019
580	-0.01639
581	-0.01445
582	-0.01221
583	-0.01006
584	-0.00822
585	-0.00811
586	-0.00692
587	-0.0072
588	-0.00714
589	-0.00774
590	-0.00749
591	-0.00662
592	-0.00537
593	-0.00428
594	-0.00265
595	-0.00107
596	-0.0012
597	-0.00106
598	-0.00182
599	-0.00321
600	-0.00305
601	-0.0017
602	-2.33912E-4
603	0.00286
604	0.0065
605	0.00726
606	0.00547
607	0.00314
608	8.7356E-4
609	-0.00179
610	-0.00416
611	-0.00455
612	-0.0048
613	-0.00528
614	-0.00549
615	-0.00365
616	-0.00289
617	-0.00221
618	-0.00279
619	-0.00354
620	-0.00387
621	-0.00385
622	-0.00299
623	-0.00203
624	-0.00138
625	-0.00125
626	-3.53574E-4
627	-1.39018E-4
628	5.68481E-5
629	9.73706E-4
630	2.10565E-4
631	-0.0014
632	-0.00267
633	-0.00279
634	-0.00282
635	-0.0014
636	0.00141
637	0.00376
638	0.00514
639	0.00616
640	0.00569
641	0.00528
642	0.00441
643	0.00387
644	0.00263
645	0.00265
646	0.00185
647	0.0014
648	9.20157E-4
649	7.0914E-4
650	-4.11877E-4
651	-0.0011
652	-0.00109
653	-0.00206
654	-0.00305
655	-0.00374
656	-0.00456
657	-0.00578
658	-0.00621
659	-0.00632
660	-0.0061
661	-0.00567
662	-0.00664
663	-0.02551
664	-0.06257
665	-0.10449
666	-0.15198
667	-0.20605
668	-0.25136
669	-0.28344
670	-0.31284
671	-0.33705
672	-0.34968
673	-0.34844
674	-0.33536
675	-0.31419
676	-0.28828
677	-0.26119
678	-0.23422
679	-0.21235
680	-0.1928
681	-0.17566
682	-0.16104
683	-0.1491
684	-0.13705
685	-0.12747
686	-0.11994
687	-0.11178
688	-0.1046
689	-0.0975
690	-0.09037
691	-0.08227
692	-0.07478
693	-0.06798
694	-0.06228
695	-0.05628
696	-0.0496
697	-0.04466
698	-0.03945
699	-0.03486
700	-0.03164
701	-0.03055
702	-0.02971
703	-0.02824
704	-0.0264
705	-0.02444
706	-0.02207
707	-0.01937
708	-0.01737
709	-0.0159
710	-0.01365
711	-0.01215
712	-0.01194
713	-0.01166
714	-0.01082
715	-0.01088
716	-0.00987
717	-0.00751
718	-0.00592
719	-0.00487
720	-0.00354
721	-0.00358
722	-0.00316
723	-0.00203
724	-4.36884E-4
725	-0.00108
726	-0.00134
727	-0.00336
728	-0.00638
729	-0.00834
730	-0.00874
731	-0.00784
732	-0.00588
733	-0.00392
734	-0.00331
735	-0.00228
736	-0.00236
737	-0.00243
738	-0.00167
739	-0.00178
740	-0.00182
741	-6.61296E-4
742	-5.69222E-4
743	-0.00129
744	-9.84897E-4
745	-0.00113
746	-0.00167
747	-0.00152
748	-2.67296E-6
749	2.00497E-4
750	-2.45483E-4
751	-0.00116
752	-0.00178
753	-0.00272
754	-0.00275
755	-0.0022
756	-0.00171
757	-6.53446E-4
758	-0.00102
759	-0.0017
760	-0.00148
761	-0.00141
762	-0.00197
763	-3.21347E-4
764	0.00275
765	0.00452
766	0.00476
767	0.00428
768	0.00283
769	0.00124
770	-4.6405E-4
771	6.34078E-4
772	0.00288
773	0.00334
774	0.00209
775	2.61071E-4
776	-0.00258
777	-0.00443
778	-0.00467
779	-0.00424
780	-0.00189
781	-6.38456E-4
782	-0.0021
783	-0.01696
784	-0.04166
785	-0.0677
786	-0.09389
787	-0.12342
788	-0.14421
789	-0.15862
790	-0.17444
791	-0.1892
792	-0.19856
793	-0.20028
794	-0.19625
795	-0.18843
796	-0.17686
797	-0.16511
798	-0.15571
799	-0.14648
800	-0.13849
801	-0.1326
802	-0.12511
803	-0.11623
804	-0.10926
805	-0.10202
806	-0.09563
807	-0.09192
808	-0.08971
809	-0.08589
810	-0.08233
811	-0.07789
812	-0.07154
813	-0.06487
814	-0.05957
815	-0.05532
816	-0.05249
817	-0.0518
818	-0.05003
819	-0.04855
820	-0.04596
821	-0.04306
822	-0.03918
823	-0.03756
824	-0.03582
825	-0.03348
826	-0.03057
827	-0.02878
828	-0.02698
829	-0.02529
830	-0.0255
831	-0.02624
832	-0.02611
833	-0.02519
834	-0.02378
835	-0.02182
836	-0.02059
837	-0.01891
838	-0.01694
839	-0.01568
840	-0.01361
841	-0.01283
842	-0.01276
843	-0.01439
844	-0.01514
845	-0.01611
846	-0.01566
847	-0.01481
848	-0.01323
849	-0.01221
850	-0.01107
851	-0.00975
852	-0.00909
853	-0.00923
854	-0.00904
855	-0.00917
856	-0.00855
857	-0.00785
858	-0.00671
859	-0.00552
860	-0.00468
861	-0.00358
862	-0.00257
863	-0.00259
864	-0.00297
865	-0.00345
866	-0.00537
867	-0.00744
868	-0.00789
869	-0.00861
870	-0.00859
871	-0.00907
872	-0.00891
873	-0.00873
874	-0.00724
875	-0.00581
876	-0.00369
877	-0.00274
878	-0.0018
879	-0.00231
880	-0.00276
881	-0.00324
882	-0.00265
883	-0.00313
884	-0.00285
885	-0.00203
886	-9.57262E-4
887	-0.00103
888	2.96788E-4
889	0.00166
890	0.00187
891	0.00135
892	0.00141
893	9.86277E-4
894	-5.849E-4
895	-0.00122
896	-0.00118
897	-8.36396E-4
898	-9.56084E-4
899	-9.57722E-5
900	-8.6546E-4
901	-5.84755E-4
902	-9.13158E-4
903	-0.00938
904	-0.02714
905	-0.04297
906	-0.05701
907	-0.0699
908	-0.07463
909	-0.07242
910	-0.07101
911	-0.07222
912	-0.07408
913	-0.07566
914	-0.0749
915	-0.07363
916	-0.07091
917	-0.06763
918	-0.06349
919	-0.05949
920	-0.05558
921	-0.0533
922	-0.05049
923	-0.04764
924	-0.04549
925	-0.0439
926	-0.04281
927	-0.04192
928	-0.04208
929	-0.04018
930	-0.03788
931	-0.03389
932	-0.03102
933	-0.02877
934	-0.02778
935	-0.02754
936	-0.02765
937	-0.02659
938	-0.02416
939	-0.02265
940	-0.02101
941	-0.01997
942	-0.01916
943	-0.01947
944	-0.01775
945	-0.01594
946	-0.01501
947	-0.01445
948	-0.01232
949	-0.01242
950	-0.0128
951	-0.01154
952	-0.01046
953	-0.00982
954	-0.00882
955	-0.0082
956	-0.00929
957	-0.00995
958	-0.0107
959	-0.01046
960	-0.01034
961	-0.00889
962	-0.00748
963	-0.00776
964	-0.00823
965	-0.00845
966	-0.009
967	-0.00994
968	-0.01003
969	-0.00993
970	-0.00974
971	-0.00977
972	-0.00916
973	-0.00749
974	-0.00664
975	-0.00614
976	-0.00561
977	-0.00593
978	-0.00663
979	-0.00643
980	-0.00529
981	-0.00409
982	-0.0017
983	-1.42318E-4
984	8.02715E-4
985	0.00142
986	0.00146
987	-0.00161
988	-0.00314
989	-0.00424
990	-0.00517
991	-0.00559
992	-0.00464
993	-0.00557
994	-0.00621
995	-0.00609
996	-0.00542
997	-0.00429
998	-0.00291
999	-0.00221
1000	-0.00213
1001	-0.00214
1002	-0.00177
1003	1.65247E-4
1004	0.00109
1005	0.00173
1006	0.00126
1007	4.18629E-4
1008	-0.00134
1009	-0.00163
1010	-0.0018
1011	-0.00138
1012	-0.00171
1013	-0.0015
1014	-6.67806E-4
1015	6.80209E-4
1016	3.98225E-4
1017	0.00135
1018	0.0022
1019	0.00223
1020	0.0015
1021	0.00204
1022	0.0012
1023	-0.00662
1024	-0.01944
1025	-0.02851
1026	-0.03527
1027	-0.04137
1028	-0.0394
1029	-0.0308
1030	-0.02527
1031	-0.02187
1032	-0.01831
1033	-0.01677
1034	-0.01819
1035	-0.01969
1036	-0.02197
1037	-0.02332
1038	-0.02376
1039	-0.02296
1040	-0.02171
1041	-0.01972
1042	-0.01928
1043	-0.01784
1044	-0.01782
1045	-0.01739
1046	-0.01674
1047	-0.0152
1048	-0.01505
1049	-0.01423
1050	-0.01401
1051	-0.01406
1052	-0.01429
1053	-0.01171
1054	-0.00802
1055	-0.00605
1056	-0.00506
1057	-0.00463
1058	-0.00664
1059	-0.01067
1060	-0.01288
1061	-0.01305
1062	-0.01205
1063	-0.01137
1064	-0.00836
1065	-0.00677
1066	-0.00494
1067	-0.00322
1068	-0.00227
1069	-0.00158
1070	-8.5312E-4
1071	-0.00112
1072	-0.00215
1073	-0.00333
1074	-0.00374
1075	-0.00329
1076	-0.00215
1077	-0.00131
1078	0.00126
1079	0.0021
1080	0.00223
1081	0.00223
1082	0.00386
1083	0.00427
1084	0.00356
1085	0.00391
1086	0.004
1087	0.00276
1088	0.00165
1089	0.00145
1090	-5.03092E-4
1091	-0.00327
1092	-0.0055
1093	-0.00695
1094	-0.00675
1095	-0.00602
1096	-0.0053
1097	-0.00469
1098	-0.0052
1099	-0.00609
1100	-0.00556
1101	-0.00373
1102	-0.00125
1103	0.00203
1104	0.00407
1105	0.00466
1106	0.00378
1107	0.0018
1108	-5.15018E-4
1109	-0.00184
1110	-0.00108
1111	5.93927E-4
1112	0.00195
1113	0.00287
1114	0.00345
1115	0.00266
1116	8.42063E-4
1117	-4.09227E-4
1118	1.49483E-4
1119	1.41446E-4
1120	3.84749E-4
1121	0.00103
1122	0.00222
1123	0.00144
1124	9.61989E-4
1125	-5.08491E-4
1126	-6.28971E-4
1127	1.90549E-4
1128	0.00195
1129	0.00241
1130	0.00281
1131	0.00187
1132	-6.35417E-4
1133	-0.00156
1134	-6.07475E-4
1135	0.00235
1136	0.00462
1137	0.00661
1138	0.00653
1139	0.00563
1140	0.00295
1141	0.00111
1142	-6.32698E-4
1143	-0.00822
1144	-0.01954
1145	-0.02571
1146	-0.0288
1147	-0.03052
1148	-0.02509
1149	-0.01421
1150	-0.0069
1151	-0.00264
1152	3.95083E-4
1153	0.0012
1154	-8.64747E-4
1155	-0.00351
1156	-0.00673
1157	-0.01009
1158	-0.01184
1159	-0.0121
1160	-0.01289
1161	-0.01308
1162	-0.01298
1163	-0.0131
1164	-0.0131
1165	-0.01351
1166	-0.01346
1167	-0.01384
1168	-0.01365
1169	-0.01338
1170	-0.01117
1171	-0.0097
1172	-0.00855
1173	-0.0078
1174	-0.00739
1175	-0.00827
1176	-0.00874
1177	-0.0062
1178	-0.00158
1179	0.00354
1180	0.00852
1181	0.01284
1182	0.01395
1183	0.01148
1184	0.00659
1185	5.75202E-4
1186	-0.00605
1187	-0.01207
1188	-0.0161
1189	-0.01675
1190	-0.01465
1191	-0.01224
1192	-0.00949
1193	-0.00814
1194	-0.00742
1195	-0.00783
1196	-0.00674
1197	-0.00587
1198	-0.00422
1199	-0.00198
1200	1.12163E-4
1201	0.00117
1202	0.00234
1203	0.00225
1204	9.84375E-4
1205	-9.72168E-4
1206	-0.00216
1207	-0.00334
1208	-0.00285
1209	-0.00312
1210	-0.00293
1211	-0.00282
1212	-0.00315
1213	-0.00334
1214	-0.00309
1215	-0.00321
1216	-0.00366
1217	-0.00293
1218	-0.00272
1219	-0.00242
1220	-7.45441E-4
1221	4.46244E-4
1222	3.6793E-4
1223	9.19615E-4
1224	0.00263
1225	0.00296
1226	0.00292
1227	0.00318
1228	0.00279
1229	8.10741E-5
1230	-0.00194
1231	-0.00212
1232	-0.00159
1233	-0.0018
1234	-5.59941E-4
1235	7.60484E-4
1236	0.00102
1237	4.83988E-4
1238	0.00105
1239	0.00314
1240	0.0044
1241	0.00465
1242	0.00461
1243	0.0039
1244	0.00199
1245	4.08489E-4
1246	-4.42044E-4
1247	3.27424E-4
1248	0.00146
1249	0.00104
1250	2.46252E-4
1251	8.78811E-4
1252	-4.48629E-4
1253	-0.00199
1254	-0.00258
1255	-0.00192
1256	-0.00165
1257	-3.31361E-4
1258	8.9335E-4
1259	0.00231
1260	0.00251
1261	0.00187
1262	1.35823E-4
1263	-0.00622
1264	-0.01559
1265	-0.02034
1266	-0.02151
1267	-0.02147
1268	-0.01489
1269	-0.0049
1270	7.05802E-4
1271	0.00378
1272	0.0061
1273	0.00624
1274	0.00629
1275	0.00536
1276	0.0023
1277	-6.3569E-4
1278	-0.00197
1279	-0.00282
1280	-0.00339
1281	-0.00231
1282	-0.00274
1283	-0.00483
1284	-0.00766
1285	-0.00902
1286	-0.0098
1287	-0.00867
1288	-0.00684
1289	-0.00501
1290	-0.00476
1291	-0.0052
1292	-0.0047
1293	-0.00483
1294	-0.0046
1295	-0.0043
1296	-0.00385
1297	-0.0027
1298	-0.00165
1299	-0.00193
1300	-9.21576E-4
1301	3.19298E-5
1302	-7.24483E-4
1303	-0.0019
1304	-9.47307E-4
1305	-0.00174
1306	-0.00322
1307	-0.003
1308	-0.00224
1309	-0.00153
1310	5.24637E-4
1311	0.00149
1312	6.23073E-4
1313	5.57514E-4
1314	-3.68045E-4
1315	-0.00147
1316	-5.28568E-4
1317	0.00186
1318	0.00429
1319	0.00516
1320	0.00674
1321	0.00799
1322	0.00643
1323	0.00306
1324	9.06072E-4
1325	-0.00271
1326	-0.00696
1327	-0.00839
1328	-0.00857
1329	-0.00799
1330	-0.00698
1331	-0.00561
1332	-0.00435
1333	-0.0021
1334	-5.11269E-4
1335	0.00197
1336	0.00433
1337	0.0053
1338	0.00454
1339	0.00394
1340	0.00375
1341	0.0043
1342	0.00437
1343	0.00317
1344	0.00322
1345	0.00368
1346	0.00294
1347	0.00356
1348	0.00521
1349	0.00403
1350	0.00148
1351	-0.0011
1352	-0.00308
1353	-0.00416
1354	-0.00444
1355	-0.0034
1356	-0.00155
1357	-0.00158
1358	-0.00171
1359	-0.00101
1360	-0.00149
1361	-0.00197
1362	-0.00152
1363	-0.00293
1364	-0.00431
1365	-0.00481
1366	-0.00389
1367	-0.00232
1368	5.29681E-4
1369	0.00253
1370	0.00433
1371	0.00329
1372	0.00166
1373	1.47416E-4
1374	-0.00188
1375	-0.00265
1376	-0.00122
1377	3.91444E-6
1378	0.00121
1379	0.00322
1380	0.0034
1381	0.00331
1382	0.00394
1383	-7.36177E-4
1384	-0.01039
1385	-0.01634
1386	-0.01954
1387	-0.02288
1388	-0.01865
1389	-0.00695
1390	0.00357
1391	0.00947
1392	0.01542
1393	0.01952
1394	0.02094
1395	0.01839
1396	0.01628
1397	0.01308
1398	0.0103
1399	0.00697
1400	0.00496
1401	0.00403
1402	0.00265
1403	5.38582E-4
1404	-7.22007E-4
1405	-0.00165
1406	-0.00307
1407	-0.00251
1408	-0.00299
1409	-0.0026
1410	-0.00263
1411	-0.00278
1412	-0.00416
1413	-0.003
1414	-0.00178
1415	1.55026E-4
1416	0.00127
1417	0.00275
1418	0.00323
1419	0.00177
1420	1.86485E-5
1421	-6.32501E-4
1422	-0.00184
1423	-0.00192
1424	-3.94149E-4
1425	0.00166
1426	0.00368
1427	0.00495
1428	0.00419
1429	0.00197
1430	-8.0166E-4
1431	-0.00171
1432	1.7055E-4
1433	0.00215
1434	0.00484
1435	0.00624
1436	0.00456
1437	0.00116
1438	-0.00128
1439	-0.0041
1440	-0.00439
1441	-0.00211
1442	7.82645E-4
1443	0.00316
1444	0.00509
1445	0.00556
1446	0.00382
1447	0.00194
1448	0.00156
1449	0.00229
1450	0.00239
1451	0.00176
1452	4.33146E-4
1453	-0.0012
1454	-0.00179
1455	-0.00132
1456	7.95588E-4
1457	0.00257
1458	0.00203
1459	2.0648E-5
1460	-0.00213
1461	-0.00436
1462	-0.0054
1463	-0.00515
1464	-0.00423
1465	-0.00311
1466	-0.00146
1467	9.74234E-5
1468	0.00164
1469	0.00319
1470	0.00373
1471	0.00293
1472	0.0016
1473	1.57813E-4
1474	-1.58998E-4
1475	-5.45809E-4
1476	-0.00114
1477	-0.00115
1478	4.86918E-5
1479	0.00164
1480	0.00342
1481	0.00623
1482	0.00738
1483	0.00701
1484	0.00379
1485	0.0016
1486	-1.98643E-4
1487	-0.00178
1488	-0.00351
1489	-0.00391
1490	-0.00274
1491	-5.10811E-5
1492	0.00197
1493	0.00411
1494	0.00463
1495	0.00298
1496	-0.00108
1497	-0.00351
1498	-0.00534
1499	-0.00632
1500	-0.00739
1501	-0.00675
1502	-0.00514
1503	-0.00652
1504	-0.01292
1505	-0.01785
1506	-0.01961
1507	-0.02241
1508	-0.0214
1509	-0.013
1510	-0.00366
1511	0.00267
1512	0.00941
1513	0.01383
1514	0.01674
1515	0.01724
1516	0.01587
1517	0.01217
1518	0.00892
1519	0.00554
1520	0.00356
1521	0.00166
1522	0.00184
1523	0.00293
1524	0.00347
1525	0.00192
1526	-5.44904E-4
1527	-0.00393
1528	-0.00619
1529	-0.00719
1530	-0.00637
1531	-0.00478
1532	-0.00204
1533	6.36108E-4
1534	0.00188
1535	0.00174
1536	0.00205
1537	0.00335
1538	0.00443
1539	0.00498
1540	0.00455
1541	0.00354
1542	0.00106
1543	-0.00175
1544	-0.00174
1545	-8.06527E-4
1546	3.38856E-4
1547	0.00218
1548	0.00346
1549	0.00298
1550	0.00185
1551	0.00101
1552	-5.89396E-4
1553	-0.00108
1554	-0.00149
1555	-0.00102
1556	0.0012
1557	0.0033
1558	0.00451
1559	0.00658
1560	0.00902
1561	0.00881
1562	0.00752
1563	0.00485
1564	4.4446E-4
1565	-0.00407
1566	-0.0061
1567	-0.00563
1568	-0.00383
1569	-0.00128
1570	0.00168
1571	0.00206
1572	-1.21749E-4
1573	-7.50107E-4
1574	-8.38687E-4
1575	-6.87861E-4
1576	-8.27035E-4
1577	-7.62094E-5
1578	-4.45384E-4
1579	4.65165E-4
1580	-3.15324E-4
1581	1.74186E-4
1582	0.00203
1583	0.00448
1584	0.00448
1585	0.00474
1586	0.00456
1587	0.00281
1588	2.62085E-4
1589	-0.00107
1590	-0.00313
1591	-0.00383
1592	-0.00253
1593	-0.00143
1594	-0.00225
1595	-0.00153
1596	-0.00175
1597	-0.00419
1598	-0.00503
1599	-0.00346
1600	-0.00152
1601	-6.26262E-4
1602	1.52585E-4
1603	-2.38567E-4
1604	-0.00192
1605	-0.00379
1606	-0.00303
1607	-8.63436E-4
1608	0.0011
1609	0.00327
1610	0.00386
1611	0.00453
1612	0.00416
1613	0.00232
1614	0.0015
1615	5.84025E-4
1616	-0.00211
1617	-0.00268
1618	-0.00124
1619	-8.12677E-4
1620	8.64046E-4
1621	0.0018
1622	0.00176
1623	-0.00143
1624	-0.01121
1625	-0.02183
1626	-0.02515
1627	-0.02847
1628	-0.02782
1629	-0.01933
1630	-0.00769
1631	-0.0015
1632	0.00471
1633	0.00918
1634	0.01317
1635	0.01544
1636	0.0152
1637	0.01326
1638	0.01089
1639	0.00657
1640	0.0014
1641	-0.0026
1642	-0.0049
1643	-0.00555
1644	-0.00318
1645	-6.15672E-4
1646	0.00341
1647	0.00529
1648	0.00639
1649	0.00542
1650	0.00456
1651	0.00177
1652	-6.51782E-4
1653	-0.0025
1654	-0.00353
1655	-0.00413
1656	-0.00391
1657	-0.00313
1658	-0.00276
1659	-0.00194
1660	-0.00153
1661	-5.5323E-5
1662	0.00216
1663	0.00406
1664	0.00543
1665	0.00763
1666	0.00898
1667	0.00856
1668	0.0058
1669	0.00231
1670	-5.18994E-4
1671	-0.0032
1672	-0.00323
1673	-2.54464E-4
1674	0.00196
1675	0.00182
1676	0.00141
1677	1.66405E-4
1678	-0.00118
1679	-9.5872E-4
1680	0.00144
1681	0.00302
1682	0.00441
1683	0.00508
1684	0.00474
1685	0.00199
1686	-7.01568E-4
1687	-0.0031
1688	-0.00454
1689	-0.00497
1690	-0.00463
1691	-0.00463
1692	-0.00413
1693	-0.00373
1694	-0.00483
1695	-0.00541
1696	-0.00339
1697	-0.00138
1698	4.19595E-4
1699	0.00254
1700	0.00348
1701	0.00289
1702	0.00223
1703	5.09505E-4
1704	-3.74117E-4
1705	-2.97739E-4
1706	-5.0309E-4
1707	-3.49183E-4
1708	4.84725E-4
1709	0.00111
1710	0.0018
1711	0.00274
1712	0.00188
1713	1.69757E-4
1714	-0.00154
1715	-0.00333
1716	-0.00507
1717	-0.00645
1718	-0.00498
1719	-0.00253
1720	-4.00511E-4
1721	2.40766E-4
1722	0.00128
1723	7.93906E-4
1724	0.00133
1725	0.00268
1726	0.00282
1727	0.00307
1728	0.00395
1729	0.00282
1730	0.00157
1731	0.00189
1732	0.00302
1733	0.00269
1734	0.00224
1735	5.50512E-4
1736	-6.19205E-4
1737	-0.00127
1738	-0.00161
1739	-0.00138
1740	2.62754E-4
1741	0.00237
1742	0.00355
1743	3.69875E-4
1744	-0.01016
1745	-0.01979
1746	-0.02375
1747	-0.02641
1748	-0.02403
1749	-0.01352
1750	-0.00288
1751	0.00236
1752	0.00682
1753	0.01026
1754	0.01292
1755	0.01378
1756	0.01287
1757	0.01037
1758	0.00745
1759	0.00377
1760	8.28233E-5
1761	-0.00145
1762	-0.00184
1763	-0.00141
1764	-0.00181
1765	-0.00195
1766	-9.46641E-4
1767	-0.00101
1768	-0.00205
1769	-0.00202
1770	-0.00238
1771	-0.00399
1772	-0.00427
1773	-0.00474
1774	-0.00542
1775	-0.00454
1776	-0.00374
1777	-0.00406
1778	-0.00262
1779	-0.00175
1780	-7.28174E-4
1781	7.42967E-4
1782	0.0016
1783	-2.21718E-4
1784	-7.18885E-4
1785	-0.00186
1786	-0.00404
1787	-0.00487
1788	-0.00218
1789	-5.6801E-5
1790	0.00216
1791	0.00387
1792	0.00561
1793	0.00621
1794	0.00728
1795	0.00648
1796	0.0066
1797	0.00508
1798	0.00326
1799	8.19765E-4
1800	9.50746E-5
1801	-8.49616E-4
1802	-2.30751E-5
1803	5.24464E-4
1804	0.00117
1805	0.00143
1806	5.97081E-4
1807	-2.35838E-4
1808	-0.00125
1809	-0.00262
1810	-0.00419
1811	-0.00407
1812	-0.00395
1813	-0.00359
1814	-0.00304
1815	-0.00204
1816	-0.00139
1817	-0.00156
1818	-1.33188E-5
1819	5.24858E-4
1820	1.63035E-4
1821	-7.88787E-4
1822	-0.00219
1823	-0.00409
1824	-0.00439
1825	-0.00357
1826	-0.00244
1827	-2.26663E-4
1828	0.00102
1829	8.11983E-4
1830	1.01305E-4
1831	4.50628E-4
1832	1.39513E-4
1833	2.16525E-4
1834	0.00139
1835	0.00157
1836	0.00109
1837	6.5445E-4
1838	3.1052E-4
1839	-0.0012
1840	-2.97339E-4
1841	1.68731E-4
1842	0.00129
1843	0.00246
1844	0.00369
1845	0.00366
1846	0.00397
1847	0.00323
1848	0.00304
1849	0.00351
1850	0.00361
1851	0.00261
1852	8.37471E-4
1853	-0.00173
1854	-0.00375
1855	-0.00472
1856	-0.00517
1857	-0.00462
1858	-0.00393
1859	-0.00261
1860	-0.00185
1861	-1.70131E-4
1862	0.00135
1863	5.40942E-4
1864	-0.00624
1865	-0.01504
1866	-0.02196
1867	-0.02793
1868	-0.03019
1869	-0.02559
1870	-0.01653
1871	-0.00829
1872	-6.4525E-4
1873	0.00447
1874	0.00834
1875	0.00894
1876	0.00819
1877	0.00759
1878	0.00666
1879	0.00599
1880	0.00498
1881	0.00404
1882	0.00277
1883	0.00219
1884	0.00135
1885	0.00162
1886	5.23979E-4
1887	-8.98264E-4
1888	-0.00193
1889	-0.00272
1890	-0.00385
1891	-0.00368
1892	-0.00356
1893	-0.00375
1894	-0.00456
1895	-0.00539
1896	-0.00407
1897	-0.00138
1898	0.00138
1899	0.00333
1900	0.00429
1901	0.00306
1902	0.00207
1903	5.97188E-4
1904	-9.31552E-5
1905	8.56501E-4
1906	0.00149
1907	0.00173
1908	0.00105
1909	0.00105
1910	3.00583E-4
1911	6.38399E-4
1912	-7.63784E-4
1913	-0.00179
1914	-0.00427
1915	-0.00535
1916	-0.00748
1917	-0.00782
1918	-0.00569
1919	-0.00302
1920	-8.80689E-4
1921	0.00309
1922	0.00569
1923	0.00599
1924	0.00692
1925	0.00529
1926	0.00253
1927	0.00224
1928	0.00211
1929	0.00118
1930	0.00172
1931	7.73427E-4
1932	-0.00186
1933	-0.00349
1934	-0.00462
1935	-0.00579
1936	-0.0069
1937	-0.00781
1938	-0.00656
1939	-0.0051
1940	-0.00394
1941	-0.00159
1942	1.05101E-6
1943	-1.85703E-4
1944	1.74043E-4
1945	0.00122
1946	0.00366
1947	0.00548
1948	0.00652
1949	0.00773
1950	0.00848
1951	0.00708
1952	0.00655
1953	0.00634
1954	0.00486
1955	0.00376
1956	0.00329
1957	0.00244
1958	0.00119
1959	-5.19448E-4
1960	-0.00165
1961	-0.00283
1962	-0.00155
1963	-0.00112
1964	-8.83918E-5
1965	2.14433E-4
1966	-2.32742E-4
1967	-0.00189
1968	-0.00289
1969	-0.00308
1970	-0.00248
1971	-0.00233
1972	-0.00221
1973	-8.58374E-4
1974	6.61981E-4
1975	5.04489E-4
1976	6.76996E-4
1977	0.00146
1978	6.72012E-4
1979	-4.63916E-4
1980	5.21665E-5
1981	0.00111
1982	-6.65668E-4
1983	-0.00333
1984	-0.01217
1985	-0.02212
1986	-0.02775
1987	-0.02871
1988	-0.02632
1989	-0.01678
1990	-0.00602
1991	-0.00202
1992	0.00215
1993	0.00783
1994	0.01289
1995	0.01551
1996	0.01888
1997	0.01702
1998	0.01082
1999	0.00447
2000	-5.07781E-4
2001	-0.0037
2002	-0.0058
2003	-0.00601
2004	-0.00562
2005	-0.00354
2006	-0.00286
2007	-0.00152
2008	-0.00106
2009	-0.00235
2010	-0.00508
2011	-0.00582
2012	-0.00563
2013	-0.00546
2014	-0.00334
2015	-0.00131
2016	5.19062E-4
2017	0.00248
2018	0.00347
2019	0.00183
2020	6.16631E-4
2021	-6.41885E-4
2022	-0.00166
2023	-0.0014
2024	1.02568E-4
2025	0.00275
2026	0.00432
2027	0.00427
2028	0.00366
2029	0.00328
2030	0.00227
2031	9.39846E-4
2032	0.00104
2033	0.00106
2034	0.00185
2035	0.00122
2036	0.00189
2037	0.00108
2038	1.72156E-4
2039	-0.00252
2040	-0.00388
2041	-0.00494
2042	-0.00594
2043	-0.00407
2044	2.81111E-4
2045	0.00385
2046	0.00553
2047	0.0072
2048	0.00554
2049	0.00121
2050	-0.00361
2051	-0.00708
2052	-0.00993
2053	-0.01073
2054	-0.01007
2055	-0.00803
2056	-0.00636
2057	-0.00394
2058	-0.00145
2059	0.00147
2060	0.00236
2061	0.00399
2062	0.00448
2063	0.00288
2064	0.00147
2065	0.00119
2066	4.45385E-4
2067	7.22193E-4
2068	0.00282
2069	0.00354
2070	0.0042
2071	0.00349
2072	0.0027
2073	0.00123
2074	6.41983E-4
2075	-4.87188E-4
2076	-4.93339E-4
2077	2.7051E-4
2078	2.44358E-4
2079	-2.31793E-4
2080	-3.1675E-4
2081	-0.0012
2082	-0.00169
2083	-8.59574E-4
2084	2.49484E-4
2085	6.59617E-4
2086	0.00263
2087	0.0033
2088	0.00278
2089	0.00263
2090	0.00233
2091	0.00281
2092	0.00305
2093	0.00368
2094	0.00226
2095	0.00125
2096	-6.82011E-4
2097	-0.00167
2098	-0.00472
2099	-0.00687
2100	-0.00454
2101	-0.00124
2102	-6.42302E-4
2103	-7.92281E-5
2104	-0.00347
2105	-0.01327
2106	-0.02181
2107	-0.0275
2108	-0.03044
2109	-0.02687
2110	-0.01883
2111	-0.01242
2112	-0.00739
2113	1.57831E-4
2114	0.00737
2115	0.01133
2116	0.01249
2117	0.01223
2118	0.00846
2119	0.00173
2120	-0.00384
2121	-0.00685
2122	-0.00859
2123	-0.00924
2124	-0.0085
2125	-0.00783
2126	-0.00722
2127	-0.00477
2128	-0.00265
2129	-0.00162
2130	-2.5844E-5
2131	5.04388E-4
2132	-2.05915E-4
2133	-7.96218E-4
2134	-5.26521E-4
2135	-5.86825E-4
2136	-0.00142
2137	-0.00176
2138	-5.23987E-4
2139	-6.67281E-5
2140	9.05306E-5
2141	0.00189
2142	0.00226
2143	0.001
2144	0.00169
2145	0.004
2146	0.00555
2147	0.00768
2148	0.00834
2149	0.00607
2150	0.00328
2151	0.00129
2152	-8.28372E-4
2153	-0.00232
2154	-0.00215
2155	-0.00297
2156	-0.00343
2157	-0.00327
2158	-0.0025
2159	-0.00209
2160	-8.33541E-4
2161	-5.37137E-4
2162	-5.46999E-5
2163	-4.2263E-5
2164	-3.59826E-4
2165	1.72611E-4
2166	0.00149
2167	0.00217
2168	0.00289
2169	0.00371
2170	0.00246
2171	3.54343E-5
2172	-0.00241
2173	-0.0043
2174	-0.00558
2175	-0.00594
2176	-0.00462
2177	-0.00291
2178	-0.00253
2179	-0.00214
2180	-4.90094E-4
2181	8.22431E-4
2182	0.00118
2183	0.00262
2184	0.00496
2185	0.00491
2186	0.00374
2187	0.00253
2188	9.19503E-4
2189	-0.0011
2190	-0.0018
2191	-0.00141
2192	-1.11972E-4
2193	0.00148
2194	0.00419
2195	0.00666
2196	0.0074
2197	0.00701
2198	0.00612
2199	0.00317
2200	-3.72683E-5
2201	-0.00276
2202	-0.00437
2203	-0.00458
2204	-0.004
2205	-0.00401
2206	-0.00294
2207	-0.00189
2208	-0.00167
2209	-0.00137
2210	8.88535E-4
2211	0.00196
2212	0.00352
2213	0.00408
2214	0.00334
2215	0.00158
2216	-6.72958E-4
2217	-0.00378
2218	-0.00495
2219	-0.00383
2220	-0.00265
2221	6.12532E-4
2222	0.00367
2223	0.00555
2224	8.71163E-4
2225	-0.00823
2226	-0.01441
2227	-0.01782
2228	-0.02045
2229	-0.01729
2230	-0.00856
2231	-0.00283
2232	0.00152
2233	0.00482
2234	0.00809
2235	0.01012
2236	0.00773
2237	0.00375
2238	0.00227
2239	1.76142E-4
2240	-0.00325
2241	-0.00267
2242	-0.00137
2243	-0.00315
2244	-0.00503
2245	-0.00541
2246	-0.00549
2247	-0.00479
2248	-0.00333
2249	-0.00267
2250	-0.00311
2251	-0.00414
2252	-0.00524
2253	-0.00546
2254	-0.00395
2255	-0.00166
2256	5.11785E-4
2257	0.00117
2258	9.00228E-4
2259	-4.30628E-4
2260	-0.00161
2261	-0.00244
2262	-0.00159
2263	9.45558E-4
2264	0.00419
2265	0.00639
2266	0.00741
2267	0.00474
2268	0.00121
2269	-0.00322
2270	-0.00588
2271	-0.00723
2272	-0.00505
2273	-0.00252
2274	0.00141
2275	0.00425
2276	0.00598
2277	0.00728
2278	0.00674
2279	0.0047
2280	0.00271
2281	2.954E-4
2282	-0.00203
2283	-0.00201
2284	6.29484E-5
2285	0.0011
2286	0.00195
2287	0.00293
2288	0.00266
2289	3.47349E-4
2290	-0.00127
2291	-0.00181
2292	-0.00272
2293	-0.00401
2294	-0.0042
2295	-0.00414
2296	-0.0037
2297	-0.00311
2298	-6.00742E-4
2299	4.3946E-4
2300	0.00197
2301	0.0035
2302	0.0046
2303	0.00345
2304	0.00337
2305	0.00294
2306	0.00118
2307	3.00067E-5
2308	-1.60158E-4
2309	-5.5045E-4
2310	-0.00136
2311	-5.51034E-4
2312	7.08674E-4
2313	0.00175
2314	0.00219
2315	0.00261
2316	0.00211
2317	1.13689E-4
2318	-0.00252
2319	-0.00453
2320	-0.00589
2321	-0.00662
2322	-0.005
2323	-0.00293
2324	-9.46982E-4
2325	0.00122
2326	0.00367
2327	0.00399
2328	0.00374
2329	0.0024
2330	9.95183E-4
2331	-0.00122
2332	-0.00247
2333	-0.00302
2334	-0.00297
2335	-0.00108
2336	0.00136
2337	0.00325
2338	0.00518
2339	0.00707
2340	0.00651
2341	0.00528
2342	0.00353
2343	-5.13477E-4
2344	-0.00929
2345	-0.02145
2346	-0.02846
2347	-0.03244
2348	-0.03288
2349	-0.02596
2350	-0.01328
2351	-0.00445
2352	0.00169
2353	0.00576
2354	0.00713
2355	0.00747
2356	0.00751
2357	0.00612
2358	0.00405
2359	0.00291
2360	0.00163
2361	-2.73113E-4
2362	-0.00114
2363	-9.20493E-4
2364	-0.00106
2365	-0.00356
2366	-0.00654
2367	-0.00799
2368	-0.00842
2369	-0.00882
2370	-0.00758
2371	-0.00457
2372	-0.00328
2373	-0.00225
2374	-0.00112
2375	3.50251E-4
2376	-4.43081E-4
2377	-0.0013
2378	-0.00201
2379	-0.0028
2380	-0.00348
2381	-0.00403
2382	-0.00555
2383	-0.00719
2384	-0.00779
2385	-0.00884
2386	-0.00878
2387	-0.00691
2388	-0.00346
2389	-9.5106E-4
2390	7.62151E-4
2391	0.00203
2392	0.00345
2393	0.00246
2394	0.00121
2395	6.41803E-4
2396	-6.12562E-4
2397	-0.00181
2398	-0.00244
2399	-0.00205
2400	-0.00147
2401	-5.78037E-4
2402	2.70218E-4
2403	0.00228
2404	0.00212
2405	9.49461E-4
2406	2.31002E-4
2407	-5.74564E-5
2408	-1.75915E-4
2409	2.86737E-4
2410	0.00199
2411	0.00289
2412	0.00287
2413	-2.39172E-6
2414	-9.16324E-4
2415	-0.00112
2416	-0.00134
2417	-8.60123E-4
2418	0.00114
2419	0.00223
2420	0.00176
2421	0.00228
2422	0.00305
2423	0.00392
2424	0.00358
2425	0.00268
2426	0.00113
2427	-0.00122
2428	-0.00197
2429	-0.00315
2430	-0.00316
2431	-0.00258
2432	-6.12971E-4
2433	6.01266E-7
2434	0.00184
2435	0.0019
2436	4.87583E-4
2437	-7.20713E-4
2438	-4.49008E-4
2439	4.12697E-4
2440	0.00143
2441	0.00304
2442	0.00168
2443	-0.0028
2444	-0.00792
2445	-0.00999
2446	-0.00988
2447	-0.00722
2448	-0.00348
2449	-6.49186E-4
2450	0.00176
2451	0.00371
2452	0.0047
2453	0.00503
2454	0.00587
2455	0.00381
2456	0.00126
2457	-0.00237
2458	-0.0054
2459	-0.00687
2460	-0.00689
2461	-0.0067
2462	-0.006
2463	-0.00558
2464	-0.0103
2465	-0.01808
2466	-0.02295
2467	-0.02612
2468	-0.02718
2469	-0.02206
2470	-0.01056
2471	-0.00226
2472	0.00574
2473	0.0109
2474	0.01293
2475	0.01121
2476	0.00872
2477	0.00564
2478	0.00284
2479	-1.04482E-4
2480	-7.26571E-4
2481	-5.19143E-4
2482	-4.71715E-4
2483	-0.00105
2484	-5.06858E-4
2485	-0.00186
2486	-0.00382
2487	-0.00644
2488	-0.0058
2489	-0.00498
2490	-0.00383
2491	-0.00244
2492	-6.07929E-5
2493	4.16172E-4
2494	0.0011
2495	0.00107
2496	-8.32396E-4
2497	-0.00427
2498	-0.00724
2499	-0.00957
2500	-0.01001
2501	-0.00703
2502	-0.00418
2503	-0.00145
2504	3.40323E-4
2505	0.00147
2506	0.00163
2507	0.00172
2508	0.00288
2509	0.00253
2510	0.0012
2511	8.47915E-4
2512	0.00108
2513	-0.00108
2514	-2.98264E-4
2515	0.00146
2516	8.06521E-4
2517	5.39959E-4
2518	0.0026
2519	0.00363
2520	0.00342
2521	0.00499
2522	0.00633
2523	0.00475
2524	0.00259
2525	8.58362E-4
2526	-0.00342
2527	-0.00634
2528	-0.00695
2529	-0.00594
2530	-0.00451
2531	-0.00134
2532	0.00112
2533	0.00283
2534	0.00265
2535	0.00235
2536	0.00187
2537	0.00216
2538	0.0018
2539	0.00184
2540	0.00234
2541	0.00185
2542	0.0012
2543	0.0012
2544	0.00143
2545	6.79299E-4
2546	3.97266E-4
2547	-5.36332E-4
2548	-0.0014
2549	-0.00101
2550	-7.97127E-4
2551	-9.51272E-5
2552	-0.00104
2553	-0.00104
2554	-0.00236
2555	-0.00445
2556	-0.00618
2557	-0.00683
2558	-0.00784
2559	-0.00833
2560	-0.00593
2561	-0.00448
2562	-0.00199
2563	-7.28158E-5
2564	2.49281E-4
2565	-0.0011
2566	-0.00123
2567	-7.91149E-4
2568	2.56245E-4
2569	0.00238
2570	0.00467
2571	0.00536
2572	0.00544
2573	0.00585
2574	0.00468
2575	0.00353
2576	0.00217
2577	3.56524E-4
2578	-0.00182
2579	-0.00202
2580	-0.00282
2581	-0.00322
2582	-0.00255
2583	-0.00302
2584	-0.0063
2585	-0.01245
2586	-0.01701
2587	-0.02108
2588	-0.02423
2589	-0.02342
2590	-0.01704
2591	-0.01054
2592	-0.00526
2593	6.45383E-4
2594	0.00439
2595	0.00506
2596	0.00573
2597	0.00669
2598	0.0052
2599	0.00394
2600	0.0026
2601	5.6062E-4
2602	-0.00231
2603	-0.00406
2604	-0.00651
2605	-0.00826
2606	-0.01001
2607	-0.01123
2608	-0.01213
2609	-0.01355
2610	-0.01315
2611	-0.01197
2612	-0.01001
2613	-0.0063
2614	-7.04939E-4
2615	0.00336
2616	0.00484
2617	0.00442
2618	0.0031
2619	0.00117
2620	-5.68681E-4
2621	4.09795E-4
2622	0.00254
2623	0.00325
2624	0.00322
2625	0.00248
2626	0.00174
2627	7.56922E-5
2628	4.89663E-5
2629	0.00103
2630	0.00196
2631	0.00182
2632	0.00343
2633	0.00414
2634	0.00496
2635	0.00496
2636	0.0049
2637	0.0034
2638	7.24079E-4
2639	-4.97092E-4
2640	-4.28263E-4
2641	-0.00135
2642	-0.00188
2643	3.53002E-4
2644	2.34968E-4
2645	4.6935E-5
2646	-1.01098E-4
2647	1.72562E-4
2648	-0.00188
2649	-0.00136
2650	1.19447E-4
2651	0.00291
2652	0.00494
2653	0.00678
2654	0.00552
2655	0.00321
2656	4.21723E-4
2657	-0.00235
2658	-0.00434
2659	-0.00516
2660	-0.00388
2661	-0.00225
2662	-2.30328E-4
2663	0.00216
2664	0.00376
2665	0.00416
2666	0.0048
2667	0.00504
2668	0.0035
2669	0.00228
2670	-8.76934E-4
2671	-0.00331
2672	-0.0052
2673	-0.00505
2674	-0.00327
2675	-2.1798E-4
2676	2.5978E-4
2677	0.00124
2678	9.13858E-4
2679	3.30307E-4
2680	7.16756E-4
2681	0.00246
2682	0.00325
2683	0.0024
2684	0.00101
2685	-9.48403E-4
2686	-0.00388
2687	-0.00573
2688	-0.00568
2689	-0.00635
2690	-0.00709
2691	-0.00615
2692	-0.0057
2693	-0.00364
2694	-4.96497E-4
2695	0.00209
2696	0.00446
2697	0.00639
2698	0.00693
2699	0.00734
2700	0.00738
2701	0.00689
2702	0.00517
2703	0.00206
2704	-0.00531
2705	-0.01626
2706	-0.025
2707	-0.03028
2708	-0.03343
2709	-0.03034
2710	-0.02088
2711	-0.0099
2712	-0.00106
2713	0.00646
2714	0.00997
2715	0.01045
2716	0.00617
2717	0.00133
2718	-0.00145
2719	-0.0021
2720	-0.00298
2721	-0.00263
2722	-0.00317
2723	-0.00447
2724	-0.00663
2725	-0.00698
2726	-0.00734
2727	-0.00588
2728	-0.00303
2729	6.88189E-4
2730	0.00279
2731	0.00391
2732	0.00465
2733	0.00345
2734	0.00254
2735	0.00212
2736	0.00189
2737	-5.14895E-4
2738	-0.00267
2739	-0.00432
2740	-0.00424
2741	-0.00272
2742	-1.62198E-4
2743	0.00293
2744	0.00432
2745	0.00448
2746	0.00384
2747	0.00426
2748	0.00241
2749	1.69406E-4
2750	-0.00286
2751	-0.00496
2752	-0.00623
2753	-0.00404
2754	-5.07973E-4
2755	0.00205
2756	0.00452
2757	0.00587
2758	0.00424
2759	0.0036
2760	0.00473
2761	0.00497
2762	0.00437
2763	0.00491
2764	0.00448
2765	0.00295
2766	0.00116
2767	0.00117
2768	0.00164
2769	5.21515E-4
2770	0.00107
2771	0.00313
2772	0.00333
2773	0.00224
2774	0.00295
2775	0.0017
2776	-0.00124
2777	-0.00336
2778	-0.00433
2779	-0.00582
2780	-0.00621
2781	-0.00564
2782	-0.00488
2783	-0.00258
2784	-7.80205E-4
2785	0.00161
2786	0.00399
2787	0.00576
2788	0.00461
2789	0.00314
2790	0.00128
2791	-1.89442E-4
2792	-5.01974E-4
2793	3.25493E-4
2794	0.00248
2795	0.00328
2796	0.00342
2797	0.00209
2798	-3.10639E-4
2799	-0.00277
2800	-0.004
2801	-0.00397
2802	-0.00248
2803	-3.1982E-4
2804	0.00161
2805	0.00258
2806	0.00208
2807	0.00187
2808	0.00228
2809	0.00125
2810	0.001
2811	0.00131
2812	-4.06213E-4
2813	-0.00246
2814	-0.00345
2815	-0.00219
2816	-0.00135
2817	-9.57643E-5
2818	6.69357E-4
2819	0.00229
2820	0.00229
2821	0.00222
2822	0.00219
2823	0.00309
2824	7.4984E-4
2825	-0.0074
2826	-0.01727
2827	-0.02354
2828	-0.0297
2829	-0.03193
2830	-0.02715
2831	-0.01868
2832	-0.01059
2833	-0.00434
2834	5.10576E-4
2835	0.00277
2836	0.00168
2837	-0.00179
2838	-0.00509
2839	-0.00755
2840	-0.00848
2841	-0.00681
2842	-0.00574
2843	-0.00304
2844	-0.00201
2845	-0.00168
2846	-0.00277
2847	-0.00474
2848	-0.00727
2849	-0.00866
2850	-0.00883
2851	-0.0086
2852	-0.00799
2853	-0.00661
2854	-0.00518
2855	-0.00427
2856	-0.00385
2857	-0.0025
2858	-0.00111
2859	5.73657E-4
2860	0.00151
2861	0.00218
2862	0.00479
2863	0.00673
2864	0.00706
2865	0.00634
2866	0.0058
2867	0.00303
2868	0.00106
2869	-6.62557E-4
2870	-8.1684E-4
2871	-2.5033E-4
2872	8.56181E-4
2873	0.00165
2874	0.00167
2875	0.00197
2876	0.00207
2877	0.00211
2878	9.90471E-4
2879	0.00195
2880	0.00263
2881	0.0039
2882	0.00463
2883	0.00514
2884	0.00445
2885	0.00355
2886	1.10055E-5
2887	-0.00395
2888	-0.00754
2889	-0.00974
2890	-0.01139
2891	-0.0089
2892	-0.00575
2893	-8.74629E-4
2894	0.00314
2895	0.00829
2896	0.01044
2897	0.01263
2898	0.01284
2899	0.01241
2900	0.01059
2901	0.00907
2902	0.00598
2903	-0.00124
2904	-0.00462
2905	-0.00759
2906	-0.00778
2907	-0.00612
2908	-4.52654E-4
2909	-1.21278E-5
2910	-0.00161
2911	-0.00667
2912	-0.01186
2913	-0.01582
2914	-0.01688
2915	-0.01534
2916	-0.01154
2917	-0.00832
2918	-0.00491
2919	-0.0021
2920	-0.0014
2921	-9.96801E-4
2922	0.00148
2923	0.00437
2924	0.00621
2925	0.00881
2926	0.01008
2927	0.00935
2928	0.00707
2929	0.0055
2930	0.00444
2931	0.00333
2932	-0.00233
2933	-0.00461
2934	-0.00426
2935	-0.00355
2936	-0.00217
2937	7.76291E-4
2938	0.00134
2939	-9.52417E-4
2940	-0.00289
2941	-0.00434
2942	-0.00249
2943	-9.22357E-4
2944	-0.00369
2945	-0.0114
2946	-0.01839
2947	-0.02083
2948	-0.02311
2949	-0.02045
2950	-0.01174
2951	-0.00271
2952	0.00267
2953	0.00702
2954	0.01059
2955	0.00903
2956	0.00567
2957	0.00247
2958	0.00151
2959	0.00157
2960	0.00359
2961	0.00545
2962	0.00653
2963	0.00505
2964	0.00179
2965	-0.00165
2966	-0.00448
2967	-0.00594
2968	-0.00656
2969	-0.0057
2970	-0.00319
2971	-0.00121
2972	-8.33034E-4
2973	6.37933E-4
2974	0.00248
2975	0.00337
2976	0.0035
2977	0.00328
2978	0.00249
2979	5.38192E-4
2980	1.93247E-4
2981	8.20809E-4
2982	2.11415E-5
2983	-5.58526E-4
2984	6.21806E-4
2985	8.62139E-4
2986	0.00143
2987	0.00397
2988	0.00758
2989	0.01093
2990	0.01202
2991	0.01106
2992	0.00885
2993	0.00484
2994	7.55215E-4
2995	4.99669E-4
2996	0.00113
2997	0.00235
2998	0.0039
2999	0.00474
3000	0.00397
3001	0.00335
3002	0.00384
3003	0.00325
3004	0.00222
3005	0.00123
3006	0.00146
3007	0.00124
3008	0.00253
3009	0.00421
3010	0.00536
3011	0.00521
3012	0.00463
3013	0.00356
3014	0.00256
3015	9.38327E-4
3016	4.58901E-4
3017	2.23114E-4
3018	2.77326E-4
3019	0.001
3020	0.00176
3021	0.00258
3022	0.00257
3023	-5.43724E-4
3024	-0.00432
3025	-0.00784
3026	-0.01147
3027	-0.01433
3028	-0.01285
3029	-0.01191
3030	-0.00982
3031	-0.00817
3032	-0.00484
3033	-0.0028
3034	7.01423E-7
3035	0.00234
3036	0.00444
3037	0.00423
3038	0.00439
3039	0.00392
3040	0.00369
3041	0.00539
3042	0.00635
3043	0.00654
3044	0.00603
3045	0.00425
3046	0.00207
3047	0.00239
3048	0.0033
3049	0.00565
3050	0.00784
3051	0.0075
3052	0.00447
3053	-8.14027E-4
3054	-0.01017
3055	-0.01454
3056	-0.01228
3057	-0.00816
3058	-0.00401
3059	0.00254
3060	0.00499
3061	0.00254
3062	-6.18581E-4
3063	-0.00154
3064	-0.00665
3065	-0.01477
3066	-0.01983
3067	-0.02245
3068	-0.02581
3069	-0.02302
3070	-0.01655
3071	-0.01316
3072	-0.01055
3073	-0.00575
3074	-0.00114
3075	0.00251
3076	0.00599
3077	0.00781
3078	0.00695
3079	0.00368
3080	8.27344E-4
3081	-8.83234E-4
3082	-0.00299
3083	-0.00725
3084	-0.01088
3085	-0.0111
3086	-0.01021
3087	-0.00704
3088	6.57715E-4
3089	0.0071
3090	0.00846
3091	0.0075
3092	0.0035
3093	-0.0028
3094	-0.00765
3095	-0.01016
3096	-0.01096
3097	-0.0097
3098	-0.00776
3099	-0.00452
3100	-0.00109
3101	1.53012E-4
3102	8.41029E-4
3103	0.00325
3104	0.00344
3105	0.00165
3106	7.0572E-4
3107	2.01892E-4
3108	-0.00124
3109	-0.0027
3110	-0.00481
3111	-0.00504
3112	-0.00426
3113	-0.00339
3114	-2.77594E-4
3115	0.00431
3116	0.00706
3117	0.0077
3118	0.00802
3119	0.00671
3120	0.0045
3121	1.84188E-4
3122	-0.00289
3123	-0.00553
3124	-0.00612
3125	-0.00439
3126	-0.00164
3127	0.00103
3128	0.00281
3129	0.00435
3130	0.00457
3131	0.00521
3132	0.00403
3133	0.00261
3134	0.00154
3135	2.49233E-4
3136	-0.00174
3137	-0.0041
3138	-0.00454
3139	-0.0062
3140	-0.00792
3141	-0.008
3142	-0.00534
3143	-0.00424
3144	-0.00199
3145	2.05743E-4
3146	0.00233
3147	0.00378
3148	0.00523
3149	0.00565
3150	0.00489
3151	0.00449
3152	0.00389
3153	0.00238
3154	0.00182
3155	0.00158
3156	0.00125
3157	5.44739E-4
3158	3.23593E-4
3159	6.37867E-5
3160	0.00136
3161	0.0016
3162	1.44368E-4
3163	-7.34853E-4
3164	-0.00262
3165	-0.00403
3166	-0.00443
3167	-0.0023
3168	2.46412E-4
3169	0.00185
3170	0.0019
3171	0.00117
3172	4.04215E-4
3173	-1.07763E-5
3174	4.66789E-4
3175	0.0011
3176	8.41918E-4
3177	0.00163
3178	0.00158
3179	0.00233
3180	0.00265
3181	0.0045
3182	0.00442
3183	0.00266
3184	-5.72986E-4
3185	-0.00728
3186	-0.0167
3187	-0.02347
3188	-0.02782
3189	-0.03016
3190	-0.02576
3191	-0.01683
3192	-0.00881
3193	-0.00165
3194	0.00326
3195	0.00629
3196	0.00706
3197	0.00515
3198	0.00267
3199	0.00138
3200	-9.68752E-4
3201	-0.00292
3202	-0.00588
3203	-0.00703
3204	-0.00587
3205	-0.00287
3206	-9.5275E-4
3207	0.00167
3208	0.00231
3209	7.89214E-4
3210	-0.00216
3211	-0.00412
3212	-0.00481
3213	-0.00495
3214	-0.00708
3215	-0.00848
3216	-0.00875
3217	-0.0075
3218	-0.0066
3219	-0.00423
3220	-0.00239
3221	-0.00267
3222	-0.00378
3223	-0.00381
3224	-0.00314
3225	-0.00332
3226	-0.00221
3227	-6.27094E-4
3228	-1.19845E-4
3229	-3.72592E-4
3230	2.54665E-4
3231	5.91923E-4
3232	2.6918E-4
3233	1.36437E-4
3234	-1.86485E-4
3235	-1.29623E-4
3236	-5.52761E-4
3237	-0.00108
3238	-0.00102
3239	-5.72462E-4
3240	4.73671E-4
3241	9.99803E-4
3242	0.00134
3243	0.00182
3244	0.00138
3245	5.0292E-4
3246	-3.72006E-4
3247	-3.66933E-4
3248	-0.00104
3249	-0.0023
3250	-0.0025
3251	-0.00181
3252	-8.17018E-4
3253	6.38945E-6
3254	0.00264
3255	0.00252
3256	0.0025
3257	4.22632E-6
3258	-0.0019
3259	-0.00404
3260	-0.00388
3261	-0.00404
3262	-0.00206
3263	5.59008E-6
3264	0.0021
3265	0.00284
3266	0.00258
3267	3.89628E-4
3268	-0.00106
3269	-0.00201
3270	-0.00216
3271	-0.00206
3272	-0.00135
3273	-8.74238E-4
3274	1.32084E-5
3275	-6.29053E-4
3276	3.38695E-4
3277	0.00221
3278	0.00258
3279	0.00351
3280	0.00429
3281	0.0025
3282	5.19264E-4
3283	-4.51586E-4
3284	-0.00288
3285	-0.00367
3286	-0.00274
3287	-0.00183
3288	-0.00118
3289	-8.69197E-4
3290	8.32045E-5
3291	0.00136
3292	0.00197
3293	0.00254
3294	0.00386
3295	0.00301
3296	0.00134
3297	0.00106
3298	0.00187
3299	0.0014
3300	9.60123E-4
3301	3.38422E-4
3302	1.56722E-4
3303	-6.24978E-4
3304	-0.00267
3305	-0.00847
3306	-0.01478
3307	-0.01805
3308	-0.02183
3309	-0.02267
3310	-0.01763
3311	-0.01065
3312	-0.00555
3313	-9.65754E-4
3314	0.00366
3315	0.00748
3316	0.01055
3317	0.0104
3318	0.01005
3319	0.0087
3320	0.00684
3321	0.00389
3322	0.00271
3323	0.00224
3324	0.0015
3325	8.50137E-4
3326	5.56897E-4
3327	-5.63432E-5
3328	-0.00109
3329	-0.00251
3330	-0.00358
3331	-0.0025
3332	-0.00267
3333	-0.00154
3334	8.97227E-4
3335	0.00335
3336	0.00386
3337	0.00507
3338	0.00478
3339	0.00454
3340	0.00479
3341	0.00518
3342	0.00491
3343	0.00469
3344	0.00379
3345	0.00275
3346	0.00191
3347	0.00133
3348	0.00175
3349	0.00168
3350	0.00138
3351	9.58069E-4
3352	6.48966E-4
3353	-9.20138E-4
3354	-0.00123
3355	-0.00155
3356	-0.00205
3357	-0.00189
3358	8.67525E-4
3359	0.00264
3360	0.00393
3361	0.0039
3362	0.00429
3363	0.00284
3364	-0.00201
3365	-0.00896
3366	-0.01154
3367	-0.01374
3368	-0.01431
3369	-0.01144
3370	-0.00628
3371	-0.00383
3372	-0.00158
3373	-1.97181E-4
3374	0.00168
3375	0.00322
3376	0.00414
3377	0.00348
3378	0.00275
3379	0.00206
3380	7.3858E-4
3381	2.88766E-4
3382	0.00191
3383	0.00261
3384	0.00311
3385	0.00387
3386	0.00403
3387	0.00237
3388	0.0013
3389	1.27968E-4
3390	1.98281E-4
3391	1.5991E-4
3392	2.72485E-4
3393	3.8506E-4
3394	0.00102
3395	8.80211E-4
3396	3.94468E-4
3397	6.60271E-4
3398	3.36074E-4
3399	1.81877E-4
3400	-3.7232E-4
3401	-3.04709E-4
3402	-7.74979E-4
3403	-8.05248E-4
3404	-0.00206
3405	-0.00244
3406	-0.00212
3407	-0.00132
3408	-0.00135
3409	-1.50234E-4
3410	6.94388E-4
3411	0.00124
3412	0.00149
3413	0.00176
3414	0.00169
3415	0.00195
3416	0.00203
3417	0.00125
3418	0.00134
3419	0.00229
3420	0.00138
3421	-3.1324E-4
3422	-0.00123
3423	-0.00195
3424	-0.0035
3425	-0.00911
3426	-0.01642
3427	-0.02139
3428	-0.02536
3429	-0.02961
3430	-0.02538
3431	-0.01775
3432	-0.01157
3433	-0.00566
3434	7.30903E-4
3435	0.0036
3436	0.00576
3437	0.00742
3438	0.00799
3439	0.00627
3440	0.00458
3441	0.00272
3442	-0.0012
3443	-0.00601
3444	-0.00744
3445	-0.00769
3446	-0.0076
3447	-0.00572
3448	-0.00218
3449	-0.00122
3450	-1.76143E-4
3451	-2.48308E-5
3452	-5.25731E-4
3453	-0.00176
3454	-0.00256
3455	-0.00295
3456	-0.00302
3457	-0.00262
3458	-0.00166
3459	-9.71396E-5
3460	8.22475E-4
3461	0.00226
3462	0.00256
3463	0.00255
3464	0.00243
3465	7.05359E-4
3466	-0.00247
3467	-0.00422
3468	-0.00627
3469	-0.00883
3470	-0.00831
3471	-0.00617
3472	-0.0045
3473	-0.00193
3474	0.00163
3475	0.00102
3476	-2.4108E-4
3477	-0.00145
3478	-0.00251
3479	-0.00342
3480	-7.74965E-4
3481	0.00181
3482	0.00402
3483	0.00509
3484	0.00461
3485	0.00327
3486	0.00249
3487	0.00218
3488	0.00195
3489	0.00178
3490	0.00138
3491	-8.30836E-4
3492	-0.00321
3493	-0.00608
3494	-0.00734
3495	-0.00727
3496	-0.00543
3497	-0.0032
3498	-2.2616E-4
3499	0.00222
3500	0.00299
3501	0.0033
3502	0.00313
3503	0.00345
3504	0.00397
3505	0.00444
3506	0.00483
3507	0.00478
3508	0.00432
3509	0.00359
3510	0.00292
3511	0.00199
3512	0.00122
3513	0.00106
3514	9.0077E-4
3515	0.00201
3516	0.00327
3517	0.00527
3518	0.00641
3519	0.00632
3520	0.00492
3521	0.00365
3522	0.00281
3523	0.00196
3524	0.00143
3525	0.00104
3526	-9.84456E-4
3527	-0.00406
3528	-0.00453
3529	-0.00548
3530	-0.007
3531	-0.00822
3532	-0.00861
3533	-0.00993
3534	-0.0097
3535	-0.00861
3536	-0.00582
3537	-0.00666
3538	-0.00644
3539	-0.00457
3540	-0.00328
3541	-0.00212
3542	0.00226
3543	0.00415
3544	0.00529
3545	0.00112
3546	-0.00493
3547	-0.00751
3548	-0.00914
3549	-0.01184
3550	-0.0087
3551	-5.66025E-4
3552	0.00504
3553	0.00913
3554	0.01435
3555	0.01808
3556	0.01812
3557	0.01714
3558	0.01631
3559	0.01326
3560	0.01073
3561	0.00878
3562	0.00586
3563	0.00266
3564	0.00151
3565	0.00136
3566	0.00111
3567	0.00235
3568	0.00392
3569	0.00402
3570	0.00441
3571	0.00438
3572	0.00322
3573	0.00195
3574	0.00171
3575	0.00165
3576	0.00151
3577	0.0022
3578	0.00272
3579	0.00367
3580	0.00493
3581	0.00551
3582	0.00504
3583	0.00481
3584	0.00236
3585	-0.00127
3586	-0.00382
3587	-0.00343
3588	-0.00307
3589	-0.0029
3590	-0.00157
3591	6.59057E-4
3592	0.00117
3593	8.27595E-4
3594	5.45414E-4
3595	4.43233E-4
3596	-5.89474E-5
3597	-0.00194
3598	-0.00144
3599	0.00189
3600	0.00354
3601	0.00441
3602	0.006
3603	0.00601
3604	0.00434
3605	0.00385
3606	0.00359
3607	0.00305
3608	0.00337
3609	0.0035
3610	0.00271
3611	0.00244
3612	0.00307
3613	0.00278
3614	0.00221
3615	0.00229
3616	0.00142
3617	9.36297E-4
3618	-5.31532E-5
3619	-0.00109
3620	-0.00197
3621	-0.00356
3622	-0.00488
3623	-0.00538
3624	-0.00408
3625	-0.00231
3626	7.87648E-4
3627	0.00282
3628	0.00459
3629	0.00523
3630	0.00556
3631	0.00528
3632	0.00443
3633	0.00403
3634	0.00207
3635	4.00143E-4
3636	-7.29112E-4
3637	2.16329E-5
3638	-4.17622E-4
3639	-5.42182E-4
3640	-7.38737E-5
3641	0.00129
3642	0.00127
3643	0.00125
3644	0.00159
3645	2.27061E-4
3646	-0.00182
3647	-0.00453
3648	-0.00521
3649	-0.00428
3650	-0.00218
3651	-9.65461E-4
3652	5.34721E-5
3653	-1.17595E-4
3654	-2.96688E-4
3655	-0.00136
3656	-5.4984E-4
3657	0.001
3658	0.00262
3659	0.00353
3660	0.00315
3661	0.00257
3662	0.00222
3663	0.00118
3664	-0.0012
3665	-0.00584
3666	-0.01308
3667	-0.01677
3668	-0.01922
3669	-0.02069
3670	-0.01859
3671	-0.01356
3672	-0.00953
3673	-0.00587
3674	-0.00102
3675	0.004
3676	0.00743
3677	0.00862
3678	0.00934
3679	0.00839
3680	0.00772
3681	0.00646
3682	0.00413
3683	0.00109
3684	-5.50512E-4
3685	-0.00196
3686	-0.00198
3687	-0.00155
3688	-9.00847E-4
3689	-0.00616
3690	-0.0095
3691	-0.00892
3692	-0.00878
3693	-0.01011
3694	-0.00687
3695	-0.00551
3696	-0.0074
3697	-0.00799
3698	-0.00699
3699	-0.00654
3700	-0.00579
3701	-0.00515
3702	-0.00514
3703	-0.00463
3704	-0.00354
3705	-0.00348
3706	-0.00463
3707	-0.00498
3708	-0.00612
3709	-0.00595
3710	-0.00492
3711	-0.00247
3712	-4.15527E-4
3713	0.00193
3714	0.00419
3715	0.00515
3716	0.00478
3717	0.00428
3718	0.00349
3719	0.00242
3720	0.0019
3721	0.00171
3722	0.00112
3723	0.00115
3724	7.77044E-4
3725	-8.4037E-5
3726	-0.00155
3727	-0.0014
3728	-5.79128E-4
3729	-4.70825E-4
3730	5.56861E-6
3731	5.80291E-4
3732	-2.94987E-4
3733	-0.00125
3734	-0.00144
3735	-0.00229
3736	-0.00264
3737	-0.00188
3738	-6.65138E-4
3739	0.00126
3740	0.002
3741	0.00192
3742	0.00113
3743	-0.00133
3744	-0.00336
3745	-0.00383
3746	-0.00379
3747	-0.00393
3748	-0.00319
3749	-0.00266
3750	-0.00148
3751	-4.62726E-4
3752	-6.84344E-4
3753	-2.95963E-4
3754	-9.67581E-4
3755	-8.90533E-4
3756	-0.00115
3757	1.14703E-4
3758	6.97321E-4
3759	0.00193
3760	0.00138
3761	0.00154
3762	5.18899E-4
3763	-5.2258E-4
3764	7.55941E-4
3765	0.00346
3766	0.0053
3767	0.00607
3768	0.00729
3769	0.00487
3770	-0.00102
3771	-0.00386
3772	-0.00405
3773	-0.00506
3774	-0.00538
3775	-0.00284
3776	-0.00114
3777	-2.6168E-4
3778	-8.03766E-4
3779	2.64148E-4
3780	6.72062E-4
3781	-4.34165E-5
3782	0.00105
3783	0.00234
3784	0.00126
3785	-0.00416
3786	-0.01305
3787	-0.01979
3788	-0.02364
3789	-0.02561
3790	-0.02021
3791	-0.01033
3792	-0.00326
3793	0.00321
3794	0.00934
3795	0.01252
3796	0.01324
3797	0.01195
3798	0.00962
3799	0.00651
3800	0.0042
3801	0.0031
3802	0.00284
3803	0.00169
3804	3.38475E-4
3805	-9.84029E-4
3806	-0.00219
3807	-0.00437
3808	-0.00463
3809	-0.00362
3810	-0.00246
3811	-0.00209
3812	-8.8813E-4
3813	-1.79313E-4
3814	1.95041E-5
3815	-0.00137
3816	-0.00233
3817	-0.00251
3818	-0.00184
3819	-0.00108
3820	7.00681E-4
3821	0.0019
3822	0.00227
3823	0.00147
3824	2.22324E-4
3825	-0.00107
3826	-0.00135
3827	-0.00163
3828	-0.00183
3829	-0.00141
3830	3.17072E-4
3831	8.55287E-4
3832	0.00226
3833	0.00319
3834	0.00338
3835	0.00205
3836	0.00205
3837	0.00141
3838	0.00125
3839	-1.66342E-5
3840	4.10046E-4
3841	8.07758E-4
3842	0.00241
3843	0.00345
3844	0.00504
3845	0.00522
3846	0.00346
3847	4.7226E-4
3848	-0.00219
3849	-0.00278
3850	-0.00307
3851	-0.00257
3852	-0.00163
3853	-8.53164E-4
3854	2.83415E-4
3855	5.89993E-4
3856	4.96562E-4
3857	4.22715E-4
3858	3.68869E-4
3859	-4.94978E-4
3860	-0.00111
3861	-0.00159
3862	-0.00263
3863	-0.00308
3864	-0.00314
3865	-0.00207
3866	-6.01409E-4
3867	3.70495E-4
3868	0.00135
3869	1.53798E-4
3870	-0.00157
3871	-0.00163
3872	-6.73446E-4
3873	-4.44055E-5
3874	0.00159
3875	0.00117
3876	-2.77286E-4
3877	-0.00311
3878	-0.00513
3879	-0.00489
3880	-0.00293
3881	-0.00156
3882	6.91966E-4
3883	0.00217
3884	0.00116
3885	0.00153
3886	0.00225
3887	0.00192
3888	0.00183
3889	0.00286
3890	0.00196
3891	0.00118
3892	6.26165E-4
3893	7.7247E-4
3894	-6.11225E-4
3895	-0.00182
3896	-0.0024
3897	-2.218E-4
3898	0.00164
3899	0.00262
3900	0.00431
3901	0.00524
3902	0.00154
3903	-0.00132
3904	-0.0032
3905	-0.00804
3906	-0.01681
3907	-0.01966
3908	-0.02222
3909	-0.02557
3910	-0.0241
3911	-0.0161
3912	-0.00898
3913	-0.00314
3914	0.00459
3915	0.00882
3916	0.01101
3917	0.0111
3918	0.0092
3919	0.00589
3920	0.00441
3921	0.00181
3922	8.13328E-5
3923	-4.66732E-5
3924	4.65321E-4
3925	7.31484E-6
3926	7.29309E-4
3927	2.11441E-4
3928	-5.65783E-4
3929	-8.73007E-4
3930	-4.00231E-4
3931	6.62545E-4
3932	3.25406E-4
3933	3.38908E-4
3934	0.00133
3935	5.55911E-4
3936	-0.00162
3937	-9.70473E-5
3938	0.00257
3939	0.00177
3940	9.55467E-4
3941	-3.61893E-7
3942	-0.00317
3943	-0.00561
3944	-0.00459
3945	-0.00206
3946	-1.97054E-4
3947	0.00211
3948	0.00417
3949	0.00674
3950	0.0085
3951	0.00922
3952	0.01016
3953	0.01035
3954	0.00743
3955	0.00504
3956	0.0054
3957	0.0051
3958	0.00373
3959	0.00325
3960	0.00222
3961	3.86228E-5
3962	-0.00137
3963	-0.00217
3964	-0.00271
3965	-0.00299
3966	-0.00255
3967	-0.00249
3968	-0.00267
3969	-0.00274
3970	-0.00184
3971	2.29541E-4
3972	0.00226
3973	0.00315
3974	0.00374
3975	0.00483
3976	0.00385
3977	0.00264
3978	0.00278
3979	0.00239
3980	0.00198
3981	0.0025
3982	0.00166
3983	0.00102
3984	6.96394E-4
3985	1.04237E-4
3986	-5.77921E-4
3987	2.39921E-4
3988	-1.41509E-4
3989	-5.22057E-4
3990	-0.00198
3991	-0.0026
3992	-0.00314
3993	-0.00233
3994	-0.00237
3995	-0.00147
3996	-0.00127
3997	-0.00141
3998	-0.00179
3999	-5.44462E-4
4000	0.00114
4001	0.00148
4002	0.00175
4003	0.00214
4004	0.00318
4005	0.00233
4006	0.00117
4007	0.00126
4008	0.001
4009	-0.00137
4010	-0.0014
4011	7.63981E-4
4012	0.00205
4013	0.00129
4014	0.00108
4015	-9.83672E-4
4016	-0.00259
4017	-0.00425
4018	-0.0031
4019	-0.00121
4020	6.53615E-4
4021	9.7204E-4
4022	7.00465E-4
4023	-1.01166E-4
4024	-9.64665E-4
4025	-0.00509
4026	-0.01208
4027	-0.01587
4028	-0.01858
4029	-0.02084
4030	-0.01823
4031	-0.0102
4032	-0.00384
4033	8.74365E-4
4034	0.00573
4035	0.00883
4036	0.01055
4037	0.01106
4038	0.01118
4039	0.0099
4040	0.00812
4041	0.00541
4042	0.00391
4043	0.00284
4044	0.00183
4045	0.00191
4046	0.00122
4047	7.68716E-4
4048	2.87682E-4
4049	-3.74693E-4
4050	-0.00159
4051	-6.70448E-4
4052	-7.53326E-4
4053	-0.00123
4054	-6.40299E-4
4055	-4.35004E-4
4056	-0.00161
4057	-0.00242
4058	-0.00276
4059	-0.00337
4060	-0.00333
4061	-0.00267
4062	-0.00212
4063	-0.00215
4064	-9.36997E-4
4065	0.00121
4066	0.00332
4067	0.00491
4068	0.00576
4069	0.00495
4070	0.00305
4071	3.86518E-4
4072	-0.0019
4073	-0.00293
4074	-0.0032
4075	-0.00301
4076	-0.0014
4077	-7.18322E-4
4078	5.86146E-4
4079	0.00264
4080	0.00323
4081	0.00194
4082	0.00157
4083	0.00159
4084	2.7863E-4
4085	6.75109E-4
4086	0.00146
4087	7.98065E-4
4088	-1.25457E-4
4089	-6.089E-4
4090	-3.52102E-4
4091	-5.30452E-6
4092	1.49343E-6
4093	-0.00109
4094	-0.00134
4095	-0.00209
4096	-0.00282
4097	-0.00161
4098	0.00122
4099	0.0026
4100	0.00308
4101	0.00319
4102	0.00289
4103	1.80012E-4
4104	-5.64303E-4
4105	-0.00204
4106	-0.00278
4107	-0.00248
4108	-0.00144
4109	-0.00145
4110	-7.79583E-4
4111	-0.00168
4112	-0.00322
4113	-0.00448
4114	-0.00403
4115	-0.00287
4116	-3.3734E-4
4117	0.00163
4118	0.00236
4119	0.00166
4120	-8.28157E-5
4121	-5.71533E-4
4122	-1.6025E-4
4123	0.0017
4124	0.00176
4125	0.00265
4126	0.00173
4127	7.60526E-4
4128	1.43356E-4
4129	0.00134
4130	0.00184
4131	0.00274
4132	0.00253
4133	0.00114
4134	1.80719E-4
4135	-4.72895E-4
4136	-0.00147
4137	-0.00171
4138	-9.41971E-4
4139	-7.64996E-4
4140	-9.87006E-4
4141	-6.68445E-4
4142	-0.00113
4143	-6.01322E-4
4144	-8.6276E-4
4145	-0.00429
4146	-0.01099
4147	-0.01584
4148	-0.01927
4149	-0.02153
4150	-0.0206
4151	-0.01472
4152	-0.00784
4153	-0.00213
4154	0.00267
4155	0.00887
4156	0.01255
4157	0.01285
4158	0.01016
4159	0.00785
4160	0.00423
4161	8.00323E-4
4162	-7.8461E-4
4163	-7.99542E-4
4164	5.65525E-4
4165	0.00114
4166	0.00215
4167	0.00206
4168	0.00284
4169	0.00106
4170	9.35594E-4
4171	0.00107
4172	0.00101
4173	3.51224E-4
4174	1.99767E-4
4175	-1.113E-4
4176	-0.00116
4177	-0.00167
4178	-0.00172
4179	-5.69951E-4
4180	4.5067E-4
4181	0.00132
4182	0.00213
4183	0.00214
4184	0.00133
4185	-6.84086E-5
4186	-5.04766E-4
4187	-2.31123E-4
4188	-0.00142
4189	-0.00164
4190	-6.00161E-4
4191	-1.65563E-4
4192	-0.00125
4193	-3.56367E-4
4194	-2.6177E-4
4195	-3.77172E-4
4196	4.82109E-5
4197	0.00137
4198	0.00121
4199	0.00132
4200	7.98217E-5
4201	-7.94178E-4
4202	-0.00231
4203	-0.00214
4204	-0.0021
4205	-9.19953E-4
4206	2.06679E-4
4207	6.73409E-4
4208	1.70139E-4
4209	3.1687E-4
4210	1.036E-4
4211	-0.00115
4212	-0.0012
4213	-3.11787E-6
4214	-7.25281E-4
4215	-0.00218
4216	-0.0023
4217	-0.00197
4218	-0.00118
4219	4.60594E-4
4220	0.00217
4221	0.00267
4222	0.00341
4223	0.00185
4224	4.39869E-4
4225	-3.87472E-4
4226	-3.82489E-4
4227	-1.66038E-4
4228	3.70414E-4
4229	0.00164
4230	0.00242
4231	0.00201
4232	0.00103
4233	0.00117
4234	4.23487E-4
4235	6.93983E-4
4236	7.56263E-4
4237	0.00139
4238	5.54514E-4
4239	-3.21361E-4
4240	-0.00237
4241	-0.00201
4242	-0.00139
4243	6.20736E-5
4244	8.2905E-4
4245	0.00309
4246	0.00326
4247	0.00145
4248	-1.9777E-4
4249	-0.00112
4250	-0.00258
4251	-0.00177
4252	-7.99332E-4
4253	-1.28883E-4
4254	0.00141
4255	0.0021
4256	5.25794E-5
4257	-7.76509E-4
4258	-6.45598E-4
4259	-4.94686E-4
4260	-4.33775E-4
4261	5.27074E-4
4262	0.00143
4263	0.00172
4264	0.00135
4265	-0.00121
4266	-0.00722
4267	-0.01289
4268	-0.01613
4269	-0.01889
4270	-0.0178
4271	-0.01131
4272	-0.00393
4273	9.63078E-4
4274	0.00518
4275	0.00884
4276	0.01068
4277	0.01044
4278	0.00969
4279	0.00781
4280	0.00503
4281	0.00217
4282	0.00147
4283	6.68266E-4
4284	0.00114
4285	0.00209
4286	0.00247
4287	0.00153
4288	0.00129
4289	7.61036E-4
4290	6.69525E-4
4291	9.88015E-4
4292	6.12788E-4
4293	0.00127
4294	0.00178
4295	0.00144
4296	0.00157
4297	0.00114
4298	-3.02394E-4
4299	-0.00169
4300	-0.00175
4301	-0.00164
4302	-0.001
4303	-0.00104
4304	-5.44822E-4
4305	-0.00108
4306	-0.00109
4307	-6.08921E-4
4308	2.28709E-4
4309	0.00122
4310	0.00163
4311	0.00148
4312	5.8617E-4
4313	-9.1425E-5
4314	-7.8902E-4
4315	-0.00149
4316	-0.00193
4317	-0.00181
4318	-7.27092E-4
4319	-4.5973E-4
4320	-5.12369E-4
4321	-7.55008E-4
4322	-1.79667E-4
4323	-4.96653E-4
4324	-5.63639E-4
4325	2.49374E-4
4326	0.00105
4327	6.04042E-4
4328	-0.00126
4329	-0.00196
4330	-0.00233
4331	-0.00211
4332	-9.38429E-4
4333	0.00137
4334	0.00216
4335	0.00253
4336	0.00125
4337	-5.2084E-4
4338	-0.00117
4339	-0.00137
4340	-5.30143E-4
4341	3.06756E-4
4342	0.00129
4343	0.00153
4344	0.00122
4345	8.66276E-4
4346	4.33772E-4
4347	6.15293E-5
4348	1.50633E-4
4349	0.00122
4350	8.2884E-4
4351	4.77943E-4
4352	6.47275E-4
4353	-3.81386E-4
4354	-0.00183
4355	-0.0012
4356	-4.73677E-5
4357	-2.3591E-4
4358	1.98269E-4
4359	0.00151
4360	0.00118
4361	0.00125
4362	0.00215
4363	0.00339
4364	0.00259
4365	0.00164
4366	0.00139
4367	0.00126
4368	3.62509E-4
4369	5.12822E-4
4370	0.00101
4371	4.03447E-4
4372	5.4376E-4
4373	0.00119
4374	0.00156
4375	0.00122
4376	4.40953E-4
4377	-9.47195E-4
4378	-0.00411
4379	-0.00563
4380	-0.00579
4381	-0.00469
4382	-0.00378
4383	-0.00147
4384	3.33554E-5
4385	-0.00214
4386	-0.00877
4387	-0.01445
4388	-0.01703
4389	-0.01942
4390	-0.0179
4391	-0.01068
4392	-0.00257
4393	0.00338
4394	0.0078
4395	0.01095
4396	0.01219
4397	0.01065
4398	0.00825
4399	0.00703
4400	0.00621
4401	0.00442
4402	0.00328
4403	0.00219
4404	0.00254
4405	0.00253
4406	0.0028
4407	0.00263
4408	0.00307
4409	0.00112
4410	3.58016E-5
4411	-1.89075E-4
4412	-1.23952E-4
4413	-5.79323E-4
4414	-2.55097E-5
4415	6.18304E-4
4416	6.72117E-4
4417	9.45931E-4
4418	6.09311E-4
4419	2.01757E-4
4420	-2.57974E-5
4421	7.36648E-4
4422	0.00169
4423	0.00255
4424	0.00312
4425	0.00239
4426	0.00207
4427	0.00123
4428	0.00171
4429	0.00194
4430	0.00214
4431	5.94594E-4
4432	4.3413E-4
4433	-7.26542E-4
4434	-0.00157
4435	-0.00153
4436	-8.12559E-4
4437	-5.44564E-4
4438	3.33105E-5
4439	0.00123
4440	0.00177
4441	0.00238
4442	0.00301
4443	0.00247
4444	0.0016
4445	0.00194
4446	0.00193
4447	3.54098E-4
4448	-2.21192E-4
4449	-8.18484E-4
4450	-0.00172
4451	-0.00188
4452	-0.0011
4453	-6.68034E-4
4454	1.52371E-4
4455	-1.17486E-4
4456	-0.00128
4457	-0.00213
4458	-0.00222
4459	-0.00208
4460	-0.00221
4461	-0.00112
4462	-9.85179E-4
4463	-0.00102
4464	-0.00177
4465	-0.00122
4466	-0.00122
4467	-9.70225E-4
4468	-3.43522E-4
4469	3.36793E-5
4470	-3.48919E-4
4471	8.28483E-4
4472	0.00201
4473	0.00225
4474	0.00204
4475	0.00339
4476	0.00269
4477	0.00259
4478	0.00275
4479	0.0029
4480	0.00191
4481	9.62127E-4
4482	5.35745E-4
4483	2.89363E-4
4484	0.00137
4485	0.00126
4486	0.00191
4487	0.00217
4488	0.00187
4489	6.59302E-4
4490	8.47967E-4
4491	0.00113
4492	1.35296E-4
4493	-5.2604E-4
4494	-5.37355E-4
4495	-0.00135
4496	-0.00272
4497	-0.003
4498	-0.00312
4499	-0.00418
4500	-0.00397
4501	-0.00268
4502	-0.00186
4503	-0.00175
4504	-8.47771E-4
4505	-0.00252
4506	-0.00858
4507	-0.01439
4508	-0.01597
4509	-0.01722
4510	-0.01684
4511	-0.01155
4512	-0.00435
4513	9.10533E-4
4514	0.00375
4515	0.00769
4516	0.00994
4517	0.01041
4518	0.0095
4519	0.00923
4520	0.00804
4521	0.00574
4522	0.0026
4523	-4.54787E-4
4524	-0.00198
4525	-0.00253
4526	-0.00126
4527	1.05121E-4
4528	0.0014
4529	0.00265
4530	0.00249
4531	8.93761E-4
4532	8.05739E-4
4533	-1.02283E-4
4534	-0.00106
4535	-9.88463E-4
4536	1.33369E-4
4537	7.45201E-4
4538	0.00116
4539	5.18865E-4
4540	-3.19244E-4
4541	-7.47342E-4
4542	-6.25441E-4
4543	-4.3354E-4
4544	4.83609E-5
4545	-3.39508E-4
4546	-8.57322E-4
4547	-0.00222
4548	-0.00133
4549	-2.40764E-4
4550	5.01795E-4
4551	0.00139
4552	0.00157
4553	4.59854E-4
4554	-3.77459E-4
4555	-2.14273E-4
4556	-0.00151
4557	-5.77442E-4
4558	-2.94027E-4
4559	6.79388E-4
4560	0.00165
4561	0.00383
4562	0.00291
4563	0.00269
4564	0.00147
4565	-5.33778E-4
4566	-0.00209
4567	-0.00159
4568	-0.00149
4569	-6.2282E-4
4570	5.52499E-4
4571	-2.21043E-5
4572	-9.26707E-4
4573	-9.0131E-4
4574	-7.15913E-4
4575	-1.2056E-4
4576	4.74738E-4
4577	1.50037E-4
4578	-6.34665E-4
4579	-0.00101
4580	-0.00136
4581	-6.58946E-4
4582	4.66224E-4
4583	0.00138
4584	0.00145
4585	0.0011
4586	-1.73132E-4
4587	-0.00116
4588	-6.02848E-4
4589	-8.77707E-4
4590	-5.52578E-4
4591	0.00127
4592	0.0027
4593	0.00218
4594	0.00166
4595	6.42822E-4
4596	-0.00127
4597	-0.00169
4598	-0.00222
4599	-0.00228
4600	-0.00219
4601	-0.0015
4602	-0.00124
4603	-5.20742E-4
4604	9.34458E-5
4605	4.67623E-4
4606	-1.78314E-4
4607	-0.00122
4608	-0.00111
4609	-0.00108
4610	-0.00118
4611	-6.5723E-4
4612	5.75882E-5
4613	7.24068E-5
4614	9.27225E-4
4615	0.00164
4616	0.00264
4617	0.00271
4618	0.00317
4619	0.00214
4620	0.00114
4621	4.94143E-4
4622	2.33063E-4
4623	2.19828E-5
4624	7.09026E-5
4625	-0.00165
4626	-0.00912
4627	-0.01587
4628	-0.01982
4629	-0.02296
4630	-0.02297
4631	-0.01642
4632	-0.00768
4633	-0.00111
4634	0.00565
4635	0.01109
4636	0.0135
4637	0.01285
4638	0.01058
4639	0.00794
4640	0.00448
4641	0.00245
4642	0.00165
4643	-4.67933E-4
4644	-0.00234
4645	-0.00224
4646	-0.00185
4647	-0.00228
4648	-0.00209
4649	-0.00221
4650	-0.00216
4651	-0.00104
4652	-4.1152E-4
4653	2.62423E-4
4654	0.00135
4655	9.30308E-4
4656	5.3396E-4
4657	2.72956E-5
4658	-4.59369E-4
4659	-8.56034E-4
4660	2.97301E-4
4661	7.20217E-4
4662	4.12546E-4
4663	3.74874E-4
4664	-3.32797E-4
4665	-0.00123
4666	-0.002
4667	-0.00225
4668	-0.00236
4669	-0.00177
4670	-6.94794E-4
4671	-0.0012
4672	-6.743E-4
4673	0.00121
4674	0.00308
4675	0.00228
4676	0.00205
4677	0.00193
4678	-4.36375E-4
4679	-0.00226
4680	-0.00143
4681	2.61451E-4
4682	8.9023E-4
4683	0.00207
4684	0.00154
4685	-3.53435E-4
4686	-0.00154
4687	-0.00125
4688	-6.58401E-4
4689	7.29761E-4
4690	0.00149
4691	7.56047E-4
4692	-2.36523E-4
4693	-2.29093E-4
4694	-6.71663E-4
4695	-5.4233E-5
4696	7.13197E-4
4697	0.00115
4698	-3.78402E-6
4699	-0.00123
4700	-0.00157
4701	-0.00119
4702	-0.00109
4703	-1.63327E-4
4704	0.00151
4705	0.00174
4706	0.00106
4707	4.27481E-4
4708	8.18577E-5
4709	-5.93766E-4
4710	-0.00103
4711	-6.25013E-4
4712	-5.51622E-4
4713	1.11543E-4
4714	9.64707E-4
4715	8.47872E-4
4716	-2.28964E-4
4717	-4.66772E-4
4718	-0.00126
4719	-0.00102
4720	-6.11559E-5
4721	3.70716E-4
4722	-4.78282E-4
4723	-0.00114
4724	-0.00117
4725	-6.96439E-4
4726	-3.05825E-4
4727	5.14209E-4
4728	5.73903E-4
4729	-2.06403E-4
4730	-5.56709E-4
4731	1.62985E-4
4732	3.52428E-4
4733	9.81681E-4
4734	6.40935E-4
4735	-9.81096E-6
4736	-3.40557E-4
4737	3.58656E-4
4738	7.4783E-4
4739	3.77004E-4
4740	1.26179E-4
4741	-6.46472E-5
4742	-5.05421E-4
4743	-8.96131E-4
4744	-6.8415E-6
4745	-0.00119
4746	-0.00771
4747	-0.0147
4748	-0.01756
4749	-0.01988
4750	-0.0205
4751	-0.01533
4752	-0.00763
4753	-0.00245
4754	0.00239
4755	0.00589
4756	0.00786
4757	0.00848
4758	0.0077
4759	0.00517
4760	0.00478
4761	0.00526
4762	0.00434
4763	0.00383
4764	0.00334
4765	0.00233
4766	0.00108
4767	0.00148
4768	0.00105
4769	0.00181
4770	0.0016
4771	7.02917E-4
4772	-0.00156
4773	-0.00307
4774	-0.00341
4775	-0.00256
4776	-0.00107
4777	4.17958E-4
4778	8.5159E-4
4779	0.00111
4780	6.28854E-4
4781	3.02486E-4
4782	3.06119E-4
4783	8.10833E-4
4784	6.25584E-4
4785	6.70335E-4
4786	0.00113
4787	0.00103
4788	0.00101
4789	2.21427E-4
4790	-1.52727E-4
4791	-9.76881E-4
4792	-0.00129
4793	-0.00117
4794	-0.00136
4795	-0.00157
4796	-0.00206
4797	-0.00225
4798	-0.0018
4799	-7.42418E-4
4800	4.55364E-4
4801	0.00183
4802	0.00306
4803	0.00266
4804	0.0017
4805	5.39431E-4
4806	-3.50894E-4
4807	-0.00171
4808	-0.00234
4809	-0.00121
4810	-7.66368E-4
4811	7.54926E-5
4812	0.00123
4813	0.00161
4814	0.00118
4815	0.00137
4816	0.00134
4817	9.98744E-4
4818	0.00152
4819	0.00222
4820	0.00132
4821	2.06445E-4
4822	-2.06315E-4
4823	-6.38016E-4
4824	-0.00163
4825	-9.69153E-4
4826	1.30279E-4
4827	9.99711E-4
4828	0.0019
4829	0.00216
4830	0.00165
4831	3.0269E-4
4832	-6.16344E-4
4833	-0.00164
4834	-0.00206
4835	-0.00179
4836	-0.0016
4837	-0.00206
4838	-0.00301
4839	-0.00242
4840	-0.00142
4841	1.47193E-4
4842	8.78738E-4
4843	0.00209
4844	0.00197
4845	-1.05918E-4
4846	-0.00109
4847	-0.00102
4848	-5.30223E-4
4849	6.22484E-5
4850	0.00292
4851	0.00365
4852	0.00271
4853	0.00174
4854	3.95171E-4
4855	-0.00208
4856	-0.00336
4857	-0.00229
4858	-9.82914E-4
4859	2.00113E-4
4860	4.4314E-4
4861	3.76167E-4
4862	4.91935E-5
4863	-4.0778E-4
