time_x	cp_y
5	-5.42197E-4
6	-2.64156E-4
7	9.38864E-5
8	5.31928E-4
9	-9.7003E-4
10	-7.31988E-4
11	5.86095E-4
12	0.00131
13	4.82267E-4
14	5.00353E-4
15	-3.91562E-4
16	-0.00187
17	-0.00243
18	-7.37094E-4
19	0.00108
20	0.00213
21	0.00296
22	0.00281
23	4.34134E-4
24	-0.00206
25	-0.00314
26	-0.003
27	-0.00202
28	0.00125
29	0.00322
30	0.00353
31	0.00309
32	0.00187
33	-0.00141
34	-0.00379
35	-0.0051
36	-0.00599
37	-0.0052
38	-0.00332
39	-6.60205E-4
40	9.48375E-4
41	9.47343E-4
42	6.59559E-6
43	5.45848E-4
44	-1.049E-4
45	-4.15648E-4
46	-5.75572E-4
47	-4.7271E-6
48	7.06118E-4
49	0.00182
50	0.00283
51	0.00354
52	0.00312
53	0.00174
54	0.00129
55	9.62715E-4
56	0.00158
57	0.00112
58	8.58848E-4
59	5.64764E-4
60	0.00104
61	3.17454E-4
62	-0.01182
63	-0.06676
64	-0.13426
65	-0.21333
66	-0.30437
67	-0.39144
68	-0.42931
69	-0.44182
70	-0.42754
71	-0.38535
72	-0.32673
73	-0.26457
74	-0.2088
75	-0.16781
76	-0.1388
77	-0.11468
78	-0.09891
79	-0.08745
80	-0.07503
81	-0.06418
82	-0.05595
83	-0.04852
84	-0.04292
85	-0.03771
86	-0.03385
87	-0.02935
88	-0.02647
89	-0.02316
90	-0.02016
91	-0.01888
92	-0.01781
93	-0.0141
94	-0.01184
95	-0.01276
96	-0.01101
97	-0.0086
98	-0.00792
99	-0.00812
100	-0.00612
101	-0.00401
102	-0.00526
103	-0.00724
104	-0.00679
105	-0.005
106	-0.00429
107	-0.00221
108	6.0615E-4
109	0.00206
110	0.00176
111	0.002
112	0.00223
113	0.00107
114	0.00126
115	0.00191
116	0.00176
117	0.00164
118	0.0026
119	0.00276
120	0.00193
121	0.00182
122	0.0018
123	0.00148
124	-1.56892E-4
125	8.75598E-4
126	9.58089E-4
127	0.00105
128	6.02578E-4
129	3.74752E-4
130	-0.0013
131	-0.00173
132	-0.00169
133	-8.57627E-4
134	0.00124
135	3.35278E-4
136	-4.73269E-4
137	-0.00141
138	-0.00299
139	-0.00387
140	-0.00241
141	-0.00214
142	-0.00206
143	-0.00206
144	-0.00383
145	-0.00399
146	-0.00388
147	-0.00247
148	-0.00103
149	0.00128
150	0.003
151	0.00469
152	0.00558
153	0.00514
154	0.00458
155	0.00354
156	0.00335
157	0.00286
158	0.00343
159	0.00361
160	0.00317
161	0.00164
162	6.7671E-4
163	-1.9502E-5
164	3.24286E-4
165	-9.21927E-4
166	-0.00205
167	-0.00387
168	-0.00556
169	-0.00567
170	-0.00322
171	-3.38841E-4
172	0.00221
173	0.00279
174	0.00244
175	0.00229
176	9.09679E-4
177	-8.2666E-4
178	4.36578E-4
179	0.00171
180	8.93004E-4
181	9.96217E-4
182	-0.00719
183	-0.05873
184	-0.15603
185	-0.28273
186	-0.43818
187	-0.61465
188	-0.76355
189	-0.8613
190	-0.90811
191	-0.89776
192	-0.8301
193	-0.72839
194	-0.61951
195	-0.52083
196	-0.44234
197	-0.38335
198	-0.33671
199	-0.29693
200	-0.26319
201	-0.2337
202	-0.20904
203	-0.19104
204	-0.17871
205	-0.16859
206	-0.1599
207	-0.15301
208	-0.14422
209	-0.13412
210	-0.12322
211	-0.11226
212	-0.09933
213	-0.08808
214	-0.07842
215	-0.06974
216	-0.06161
217	-0.05682
218	-0.05111
219	-0.04495
220	-0.03855
221	-0.03332
222	-0.02781
223	-0.0234
224	-0.02065
225	-0.02022
226	-0.02056
227	-0.02092
228	-0.01963
229	-0.017
230	-0.01212
231	-0.00714
232	-0.00283
233	-0.00122
234	-0.0026
235	-0.00546
236	-0.00756
237	-0.00984
238	-0.01037
239	-0.00935
240	-0.00793
241	-0.00693
242	-0.00545
243	-0.00525
244	-0.00434
245	-0.00175
246	-7.43877E-4
247	0.00172
248	0.00519
249	0.00609
250	0.00455
251	0.00432
252	0.00259
253	6.07877E-4
254	0.00107
255	0.00147
256	0.00136
257	0.00154
258	3.68418E-4
259	-6.92494E-4
260	3.16445E-4
261	0.00132
262	0.00202
263	0.00267
264	9.25144E-4
265	-0.00279
266	-0.00439
267	-0.00533
268	-0.00537
269	-0.00343
270	-0.00179
271	-0.00118
272	-6.25914E-4
273	-7.92724E-4
274	-0.00232
275	-0.00274
276	-0.00327
277	-0.00282
278	-0.00209
279	-0.00225
280	-0.00212
281	-0.00116
282	-0.00149
283	-0.00215
284	0.00134
285	0.00341
286	0.00435
287	0.00482
288	0.00601
289	0.00301
290	0.00116
291	2.46168E-4
292	-0.00134
293	-0.00249
294	-1.84427E-4
295	0.00204
296	0.00248
297	0.00289
298	0.00179
299	-9.48072E-4
300	-0.00411
301	-0.00492
302	-0.01241
303	-0.05218
304	-0.12278
305	-0.21786
306	-0.34088
307	-0.47946
308	-0.5996
309	-0.68834
310	-0.74343
311	-0.75521
312	-0.72412
313	-0.66149
314	-0.5891
315	-0.5161
316	-0.45269
317	-0.40181
318	-0.36044
319	-0.32142
320	-0.28753
321	-0.25971
322	-0.23818
323	-0.22386
324	-0.21755
325	-0.21421
326	-0.20929
327	-0.20233
328	-0.19242
329	-0.17903
330	-0.16451
331	-0.14969
332	-0.13384
333	-0.11752
334	-0.10301
335	-0.09015
336	-0.07822
337	-0.06834
338	-0.06092
339	-0.05392
340	-0.04705
341	-0.04194
342	-0.0384
343	-0.03335
344	-0.02887
345	-0.02664
346	-0.02666
347	-0.02571
348	-0.02448
349	-0.02317
350	-0.02085
351	-0.01698
352	-0.01543
353	-0.01476
354	-0.01434
355	-0.01404
356	-0.01231
357	-0.00768
358	-0.0042
359	-0.00255
360	-0.0013
361	-0.00231
362	-0.0037
363	-0.00429
364	-0.00325
365	-8.5942E-4
366	0.00202
367	0.00294
368	0.00175
369	4.41461E-4
370	-8.39096E-4
371	-0.00125
372	-0.00131
373	-0.00118
374	-0.00113
375	-4.75471E-4
376	1.97902E-4
377	0.0012
378	0.00162
379	0.00183
380	7.83136E-4
381	1.59799E-4
382	4.56463E-4
383	0.00116
384	0.00223
385	0.00276
386	0.00333
387	0.00118
388	6.37969E-4
389	9.97954E-4
390	0.00117
391	-0.00217
392	-0.00222
393	-0.00345
394	-0.0073
395	-0.01025
396	-0.0084
397	-0.00788
398	-0.00652
399	-0.0039
400	-0.00148
401	1.63157E-4
402	7.52762E-4
403	8.72368E-4
404	0.0025
405	0.00442
406	0.00398
407	0.00443
408	0.00484
409	0.00502
410	0.0043
411	0.00357
412	0.00308
413	0.00289
414	0.00165
415	0.0012
416	0.00137
417	1.93986E-4
418	-1.54656E-4
419	-4.32978E-5
420	2.58417E-4
421	3.07547E-4
422	-0.00216
423	-0.0246
424	-0.06621
425	-0.12129
426	-0.191
427	-0.27405
428	-0.34996
429	-0.41125
430	-0.4599
431	-0.48706
432	-0.48871
433	-0.47067
434	-0.44262
435	-0.40736
436	-0.37361
437	-0.34508
438	-0.32171
439	-0.29889
440	-0.27841
441	-0.26053
442	-0.24429
443	-0.23123
444	-0.22076
445	-0.21372
446	-0.20585
447	-0.19714
448	-0.18559
449	-0.17607
450	-0.16569
451	-0.15572
452	-0.14647
453	-0.13699
454	-0.1255
455	-0.11595
456	-0.10721
457	-0.09915
458	-0.09263
459	-0.08791
460	-0.08214
461	-0.07779
462	-0.07174
463	-0.06597
464	-0.06177
465	-0.05658
466	-0.05076
467	-0.04783
468	-0.04459
469	-0.04114
470	-0.03914
471	-0.03755
472	-0.03433
473	-0.03319
474	-0.03078
475	-0.03069
476	-0.03134
477	-0.03265
478	-0.03188
479	-0.03237
480	-0.02928
481	-0.02641
482	-0.02442
483	-0.02379
484	-0.02195
485	-0.02186
486	-0.02101
487	-0.01971
488	-0.01652
489	-0.01395
490	-0.01266
491	-0.0119
492	-0.01258
493	-0.01545
494	-0.01759
495	-0.0173
496	-0.01746
497	-0.01816
498	-0.01795
499	-0.01753
500	-0.01834
501	-0.0172
502	-0.01547
503	-0.01421
504	-0.01357
505	-0.01264
506	-0.01276
507	-0.01127
508	-0.0087
509	-0.00604
510	-0.00363
511	-0.00112
512	1.78914E-5
513	2.99054E-4
514	-5.49783E-4
515	-0.00138
516	-0.00325
517	-0.00515
518	-0.00843
519	-0.01187
520	-0.01252
521	-0.01091
522	-0.00825
523	-0.00439
524	-6.20513E-4
525	8.47558E-4
526	-0.00141
527	-0.00453
528	-0.00528
529	-0.00561
530	-0.00525
531	-0.00331
532	-3.15831E-4
533	4.38262E-4
534	-1.47644E-4
535	-7.53551E-4
536	0.00102
537	0.00205
538	0.00316
539	0.00517
540	0.00515
541	0.00312
542	-3.4852E-4
543	-0.01177
544	-0.03031
545	-0.0528
546	-0.08095
547	-0.11548
548	-0.14862
549	-0.17644
550	-0.19942
551	-0.21694
552	-0.22333
553	-0.21967
554	-0.20898
555	-0.19536
556	-0.17843
557	-0.16294
558	-0.15036
559	-0.14037
560	-0.13257
561	-0.12602
562	-0.11888
563	-0.11115
564	-0.10561
565	-0.10093
566	-0.09721
567	-0.09508
568	-0.09378
569	-0.09149
570	-0.088
571	-0.08508
572	-0.08136
573	-0.0765
574	-0.07114
575	-0.06629
576	-0.06143
577	-0.05646
578	-0.05396
579	-0.05122
580	-0.04848
581	-0.0454
582	-0.04283
583	-0.04024
584	-0.03723
585	-0.03431
586	-0.03158
587	-0.0284
588	-0.02506
589	-0.02345
590	-0.02287
591	-0.023
592	-0.02333
593	-0.02327
594	-0.02253
595	-0.02188
596	-0.02015
597	-0.01977
598	-0.01974
599	-0.02055
600	-0.02004
601	-0.02097
602	-0.02247
603	-0.02366
604	-0.02363
605	-0.02224
606	-0.02022
607	-0.01699
608	-0.01367
609	-0.01128
610	-0.01075
611	-0.00923
612	-0.00691
613	-0.00407
614	-0.00177
615	-0.00231
616	-0.00386
617	-0.00616
618	-0.00863
619	-0.01063
620	-0.01003
621	-0.0092
622	-0.00795
623	-0.00587
624	-0.00402
625	-0.00183
626	-4.22644E-4
627	-0.0018
628	-0.00369
629	-0.00454
630	-0.00649
631	-0.00771
632	-0.00748
633	-0.00759
634	-0.00773
635	-0.0074
636	-0.0077
637	-0.00702
638	-0.00571
639	-0.006
640	-0.00527
641	-0.00326
642	-0.00236
643	-0.00289
644	-0.0017
645	-6.36718E-4
646	-0.0013
647	-4.34302E-4
648	9.05008E-4
649	6.0041E-4
650	-0.0011
651	-2.18784E-4
652	-0.00209
653	-0.00374
654	-0.00183
655	0.00138
656	0.00122
657	0.00231
658	0.00293
659	3.1159E-4
660	-0.00169
661	-0.00197
662	-0.00338
663	-0.0112
664	-0.02431
665	-0.04056
666	-0.05945
667	-0.08078
668	-0.09761
669	-0.10787
670	-0.1143
671	-0.11838
672	-0.11587
673	-0.1105
674	-0.10494
675	-0.09959
676	-0.09271
677	-0.0873
678	-0.08144
679	-0.07625
680	-0.07176
681	-0.06766
682	-0.06382
683	-0.06119
684	-0.05928
685	-0.05813
686	-0.05829
687	-0.05729
688	-0.0528
689	-0.04732
690	-0.04222
691	-0.03791
692	-0.03491
693	-0.03461
694	-0.03438
695	-0.03339
696	-0.03017
697	-0.02713
698	-0.02619
699	-0.02402
700	-0.02161
701	-0.02054
702	-0.01913
703	-0.01647
704	-0.01499
705	-0.01398
706	-0.01201
707	-0.01018
708	-0.00948
709	-0.00793
710	-0.00616
711	-0.00655
712	-0.00825
713	-0.00948
714	-0.01155
715	-0.01387
716	-0.01343
717	-0.01201
718	-0.00958
719	-0.00673
720	-0.00442
721	-0.00253
722	-7.55733E-4
723	-2.26155E-4
724	-0.00148
725	-0.00277
726	-0.00493
727	-0.0065
728	-0.00684
729	-0.0062
730	-0.0055
731	-0.005
732	-0.00457
733	-0.00432
734	-0.00418
735	-0.00243
736	-8.38702E-4
737	-0.00139
738	-8.80074E-4
739	-3.91508E-4
740	-7.35316E-4
741	-8.29124E-4
742	4.37068E-4
743	7.32602E-5
744	9.4892E-4
745	0.00208
746	0.00278
747	9.85786E-5
748	-5.18202E-4
749	-5.35317E-4
750	-0.00289
751	-0.00603
752	-0.00559
753	-0.00512
754	-0.00516
755	-0.00471
756	-0.00388
757	-0.00343
758	-0.00236
759	-0.00351
760	-0.00314
761	-0.00122
762	-5.69267E-4
763	-0.00358
764	-0.00597
765	-0.00728
766	-0.00681
767	-0.00499
768	-7.47415E-4
769	0.0036
770	0.00562
771	0.00487
772	0.00209
773	-7.0191E-4
774	-0.00206
775	-0.00236
776	-0.00205
777	9.94664E-4
778	0.00284
779	0.00405
780	0.00354
781	0.00323
782	0.00346
783	-9.21194E-4
784	-0.00932
785	-0.01632
786	-0.02423
787	-0.03507
788	-0.04242
789	-0.04647
790	-0.05196
791	-0.05632
792	-0.05715
793	-0.05387
794	-0.04829
795	-0.04051
796	-0.03348
797	-0.02841
798	-0.02464
799	-0.02334
800	-0.0243
801	-0.02396
802	-0.02286
803	-0.02342
804	-0.02353
805	-0.02109
806	-0.02248
807	-0.02402
808	-0.02482
809	-0.02485
810	-0.0256
811	-0.02368
812	-0.02233
813	-0.02041
814	-0.01783
815	-0.01348
816	-0.00905
817	-0.0057
818	-0.0038
819	-0.00342
820	-0.00532
821	-0.00631
822	-0.00561
823	-0.00509
824	-0.00532
825	-0.00419
826	-0.00366
827	-0.00337
828	-0.00317
829	-0.00236
830	-0.00329
831	-0.00494
832	-0.00584
833	-0.0065
834	-0.00692
835	-0.00662
836	-0.00644
837	-0.00641
838	-0.00492
839	-0.00349
840	-0.00191
841	4.97316E-4
842	0.00252
843	0.00321
844	0.00287
845	0.00237
846	6.21105E-4
847	-6.67442E-4
848	-0.00124
849	-0.00108
850	-8.0308E-4
851	3.93524E-5
852	-5.81186E-5
853	-7.5559E-4
854	-0.0022
855	-0.00275
856	-0.00248
857	-0.00258
858	-0.00193
859	2.64953E-4
860	8.88877E-4
861	4.44844E-5
862	-1.0946E-4
863	-4.13403E-4
864	-9.67347E-4
865	-4.31291E-4
866	0.00133
867	0.00315
868	0.00446
869	0.00476
870	0.00377
871	0.00195
872	-5.62545E-4
873	-0.00149
874	-0.00202
875	-0.0011
876	-7.69681E-4
877	-1.03374E-4
878	-4.17067E-4
879	2.92393E-5
880	-4.24454E-4
881	-0.00105
882	-0.00117
883	-0.00119
884	-0.00257
885	-0.00443
886	-0.00408
887	-0.00324
888	-7.23931E-4
889	0.00209
890	0.00464
891	0.00684
892	0.00663
893	0.00392
894	0.00255
895	0.0024
896	0.00101
897	0.00117
898	8.74631E-4
899	4.70107E-4
900	-0.00151
901	-0.00197
902	-0.00217
903	-0.00417
904	-0.01092
905	-0.0145
906	-0.01831
907	-0.02325
908	-0.02693
909	-0.027
910	-0.02691
911	-0.02723
912	-0.0246
913	-0.01957
914	-0.01428
915	-0.01186
916	-0.0105
917	-0.01189
918	-0.01388
919	-0.01472
920	-0.01508
921	-0.01351
922	-0.01071
923	-0.00734
924	-0.00472
925	-0.00262
926	-0.00225
927	-0.00255
928	-0.00311
929	-0.00458
930	-0.00513
931	-0.00449
932	-0.0038
933	-0.00423
934	-0.00466
935	-0.0052
936	-0.00695
937	-0.00721
938	-0.00754
939	-0.00807
940	-0.00833
941	-0.0082
942	-0.00955
943	-0.01008
944	-0.00926
945	-0.00852
946	-0.007
947	-0.00477
948	-0.00254
949	1.39623E-4
950	0.00256
951	0.0032
952	0.00218
953	0.00208
954	0.00112
955	1.24213E-4
956	-9.98726E-5
957	4.75987E-4
958	-4.78183E-4
959	-0.00127
960	-0.00354
961	-0.00337
962	-0.00213
963	-0.00162
964	-0.00218
965	-4.19383E-4
966	-0.00105
967	-0.00151
968	-0.00124
969	5.79079E-4
970	0.00203
971	0.00215
972	-8.68953E-4
973	-0.00206
974	-0.00189
975	-0.00193
976	-3.68354E-4
977	0.00194
978	0.00238
979	4.04518E-4
980	-0.00155
981	-0.00256
982	-0.00265
983	-0.00215
984	-0.00133
985	-4.80822E-4
986	-7.92847E-4
987	-9.85614E-4
988	-0.00245
989	-0.00306
990	-0.00268
991	-9.04358E-4
992	3.80448E-4
993	0.00195
994	0.00258
995	0.00121
996	-3.07586E-4
997	-4.64895E-4
998	-4.23798E-4
999	-0.00152
1000	-0.00127
1001	-0.00169
1002	-0.00135
1003	1.00103E-4
1004	0.00268
1005	0.00357
1006	0.00335
1007	0.00246
1008	0.00187
1009	3.55887E-4
1010	3.04493E-4
1011	4.93098E-4
1012	6.11703E-4
1013	-5.07841E-5
1014	-0.00139
1015	-0.00242
1016	-0.00179
1017	-0.00234
1018	-0.002
1019	3.91895E-4
1020	0.00133
1021	0.00232
1022	0.00409
1023	0.00102
1024	-0.00571
1025	-0.00957
1026	-0.01274
1027	-0.01728
1028	-0.01797
1029	-0.0152
1030	-0.01466
1031	-0.01591
1032	-0.01511
1033	-0.01346
1034	-0.01156
1035	-0.0092
1036	-0.00507
1037	-0.00242
1038	-8.84473E-4
1039	-0.00101
1040	-0.00138
1041	-0.00288
1042	-0.00493
1043	-0.00701
1044	-0.00776
1045	-0.00782
1046	-0.00828
1047	-0.00702
1048	-0.00646
1049	-0.00515
1050	-0.00504
1051	-0.00516
1052	-0.00476
1053	-0.00336
1054	-0.00308
1055	-0.00283
1056	-0.00254
1057	-0.00305
1058	-0.00427
1059	-0.00487
1060	-0.00472
1061	-0.00267
1062	-0.00234
1063	-0.00272
1064	-0.005
1065	-0.00724
1066	-0.01143
1067	-0.01387
1068	-0.01366
1069	-0.0115
1070	-0.00906
1071	-0.00708
1072	-0.00546
1073	-0.00408
1074	-0.00361
1075	-0.00348
1076	-0.00224
1077	-7.25508E-4
1078	1.34009E-5
1079	0.00166
1080	0.00116
1081	-7.65941E-4
1082	-0.0025
1083	-0.00352
1084	-0.00434
1085	-0.0031
1086	-0.00189
1087	-0.00141
1088	-0.00136
1089	-0.00123
1090	-0.00153
1091	-8.32222E-4
1092	7.91947E-4
1093	0.00194
1094	0.00164
1095	0.00327
1096	0.00464
1097	0.00463
1098	0.00351
1099	0.00386
1100	0.0041
1101	0.00418
1102	0.00444
1103	0.00456
1104	0.00236
1105	-0.00353
1106	-0.00888
1107	-0.01185
1108	-0.01135
1109	-0.00948
1110	-0.00538
1111	-6.08784E-4
1112	0.00203
1113	0.00256
1114	0.00285
1115	0.00298
1116	0.00264
1117	0.00289
1118	0.00288
1119	0.00263
1120	0.00158
1121	1.98413E-4
1122	-0.00269
1123	-0.00483
1124	-0.00603
1125	-0.00473
1126	-0.00174
1127	0.00222
1128	0.00507
1129	0.00569
1130	0.00446
1131	0.00121
1132	-6.93667E-4
1133	-0.00285
1134	-0.00302
1135	-0.00364
1136	-0.00321
1137	-0.00219
1138	0.00144
1139	0.00456
1140	0.00758
1141	0.00755
1142	0.0049
1143	-0.00161
1144	-0.01098
1145	-0.01801
1146	-0.02061
1147	-0.02257
1148	-0.02273
1149	-0.01868
1150	-0.01535
1151	-0.01371
1152	-0.01061
1153	-0.00687
1154	-0.00196
1155	4.78588E-4
1156	8.40625E-4
1157	0.00196
1158	2.247E-4
1159	-0.00497
1160	-0.00793
1161	-0.00943
1162	-0.01033
1163	-0.00794
1164	-0.00523
1165	-0.003
1166	8.34193E-4
1167	0.0016
1168	7.99879E-5
1169	-4.70174E-5
1170	-0.00152
1171	-0.00316
1172	-0.00348
1173	-0.00197
1174	-8.47817E-4
1175	0.00161
1176	0.00247
1177	0.00183
1178	1.12561E-4
1179	-0.00161
1180	-0.0024
1181	-0.00191
1182	-0.00117
1183	-7.35595E-4
1184	-9.08901E-4
1185	-0.00141
1186	-0.00299
1187	-0.00341
1188	-0.00175
1189	1.84089E-4
1190	0.00155
1191	0.00323
1192	0.00351
1193	0.00175
1194	-3.81745E-4
1195	-0.00308
1196	-0.00453
1197	-0.00528
1198	-0.00592
1199	-0.00679
1200	-0.00664
1201	-0.00719
1202	-0.00616
1203	-0.00451
1204	-0.00101
1205	0.00264
1206	0.00509
1207	0.00493
1208	0.00336
1209	0.00127
1210	-0.00127
1211	-0.00292
1212	-0.00494
1213	-0.00487
1214	-0.00492
1215	-0.00356
1216	-0.00319
1217	-0.00121
1218	-1.13331E-4
1219	7.83951E-4
1220	7.83533E-4
1221	0.00136
1222	0.00202
1223	0.00234
1224	0.00314
1225	0.0036
1226	0.00376
1227	0.0039
1228	0.00346
1229	0.00266
1230	6.21767E-4
1231	-3.36502E-4
1232	-8.24771E-4
1233	6.8696E-4
1234	3.28691E-4
1235	8.01691E-4
1236	9.17405E-4
1237	-6.6881E-5
1238	1.28833E-4
1239	0.00261
1240	0.00366
1241	0.00306
1242	0.0034
1243	3.17163E-4
1244	-0.00255
1245	-0.0029
1246	-0.00176
1247	-0.00172
1248	-0.00118
1249	-0.00141
1250	-0.00208
1251	-0.00225
1252	-0.00259
1253	-0.00251
1254	-0.00263
1255	-0.00262
1256	-0.00196
1257	-4.99106E-4
1258	0.00122
1259	0.0043
1260	0.0063
1261	0.00561
1262	0.00438
1263	0.00165
1264	-0.00396
1265	-0.00804
1266	-0.00916
1267	-0.01195
1268	-0.01482
1269	-0.0133
1270	-0.01292
1271	-0.0134
1272	-0.01059
1273	-0.00444
1274	-0.00156
1275	0.00167
1276	0.00627
1277	0.00916
1278	0.0092
1279	0.00991
1280	0.0084
1281	0.00302
1282	6.42867E-4
1283	4.04134E-5
1284	-0.00126
1285	-0.0017
1286	-1.6758E-4
1287	-3.00917E-4
1288	-7.34255E-4
1289	-0.00138
1290	-0.0021
1291	-0.00268
1292	-0.00372
1293	-0.0032
1294	-0.00178
1295	3.77798E-4
1296	0.00118
1297	0.00107
1298	-4.27982E-4
1299	-0.00193
1300	-0.0051
1301	-0.00873
1302	-0.00964
1303	-0.00958
1304	-0.01053
1305	-0.01013
1306	-0.00703
1307	-0.0051
1308	-0.00496
1309	-0.00456
1310	-0.00183
1311	-6.88355E-4
1312	-0.00153
1313	-0.00189
1314	-0.00244
1315	-0.00349
1316	-0.00209
1317	-1.05934E-4
1318	9.43319E-4
1319	0.00312
1320	0.00211
1321	-0.00137
1322	-0.00435
1323	-0.00512
1324	-0.00556
1325	-0.00458
1326	-0.00226
1327	3.24543E-4
1328	0.00185
1329	0.00228
1330	0.00295
1331	0.00324
1332	0.00351
1333	0.00156
1334	9.0074E-4
1335	0.00151
1336	0.00164
1337	0.00144
1338	0.00183
1339	0.00107
1340	-0.00114
1341	-0.00151
1342	-0.00116
1343	1.49034E-4
1344	7.88705E-4
1345	0.0016
1346	-5.81953E-4
1347	-0.00272
1348	-0.00273
1349	-0.00414
1350	-0.00492
1351	-0.0052
1352	-0.00581
1353	-0.00766
1354	-0.0065
1355	-0.00506
1356	-0.00286
1357	7.41226E-4
1358	0.00311
1359	0.00463
1360	0.00525
1361	0.00534
1362	0.00283
1363	0.00103
1364	-5.47188E-4
1365	-0.00228
1366	-0.00172
1367	-1.51795E-4
1368	2.80697E-4
1369	0.00122
1370	0.00207
1371	-4.18255E-5
1372	-5.07996E-4
1373	5.0644E-4
1374	0.00214
1375	0.00314
1376	0.00448
1377	0.00325
1378	0.00394
1379	0.00452
1380	0.00488
1381	0.00512
1382	0.00505
1383	5.29296E-5
1384	-0.00725
1385	-0.01087
1386	-0.01165
1387	-0.01304
1388	-0.0126
1389	-0.01059
1390	-0.0079
1391	-0.00749
1392	-0.00499
1393	-0.00203
1394	0.00185
1395	0.00237
1396	5.59842E-4
1397	1.36205E-4
1398	0.0014
1399	-7.07829E-4
1400	-0.0024
1401	-0.00276
1402	-0.00429
1403	-0.00635
1404	-0.00632
1405	-0.00542
1406	-0.00448
1407	-0.00385
1408	-0.00439
1409	-0.00432
1410	-0.00479
1411	-0.00388
1412	-0.00304
1413	-6.68043E-4
1414	0.00126
1415	0.00315
1416	0.0035
1417	0.00354
1418	0.00371
1419	0.00284
1420	9.48475E-4
1421	1.76452E-4
1422	-0.00142
1423	-0.00503
1424	-0.00585
1425	-0.00623
1426	-0.00595
1427	-0.00453
1428	-0.00276
1429	-0.00212
1430	-5.45702E-4
1431	0.00289
1432	0.00556
1433	0.00822
1434	0.00851
1435	0.00774
1436	0.00381
1437	-1.66022E-4
1438	-0.00329
1439	-0.00365
1440	-0.00315
1441	-0.0019
1442	-0.00157
1443	-6.51881E-4
1444	0.00195
1445	0.00476
1446	0.00632
1447	0.00772
1448	0.00668
1449	0.00115
1450	-0.00626
1451	-0.01003
1452	-0.0104
1453	-0.00946
1454	-0.00551
1455	-9.19307E-4
1456	0.00167
1457	0.00272
1458	0.0054
1459	0.00596
1460	0.00447
1461	0.00489
1462	0.00523
1463	0.0041
1464	5.57113E-4
1465	-0.00153
1466	-0.00498
1467	-0.00779
1468	-0.00949
1469	-0.00928
1470	-0.00829
1471	-0.00524
1472	-0.00353
1473	-0.00372
1474	-0.0025
1475	-0.00119
1476	-0.00188
1477	-0.00261
1478	-0.00241
1479	-0.00247
1480	-0.00179
1481	-0.0017
1482	-0.00175
1483	-0.00147
1484	-0.00129
1485	-0.00197
1486	-0.00206
1487	4.80991E-4
1488	0.00205
1489	0.00297
1490	0.00311
1491	0.00231
1492	3.82364E-4
1493	-4.10537E-4
1494	5.82652E-5
1495	0.00146
1496	0.00199
1497	0.00109
1498	0.00115
1499	-1.53333E-5
1500	-6.74501E-4
1501	-0.00211
1502	-0.0035
1503	-0.00473
1504	-0.00699
1505	-0.00992
1506	-0.0085
1507	-0.00878
1508	-0.01107
1509	-0.01032
1510	-0.00813
1511	-0.00783
1512	-0.00366
1513	9.68931E-4
1514	0.00481
1515	0.00699
1516	0.00712
1517	0.00713
1518	0.00551
1519	0.00391
1520	0.00164
1521	2.75641E-4
1522	-0.00427
1523	-0.00768
1524	-0.0098
1525	-0.00931
1526	-0.0112
1527	-0.00939
1528	-0.00579
1529	-0.00394
1530	-0.00244
1531	6.1197E-4
1532	0.00104
1533	9.40512E-4
1534	0.00202
1535	8.77462E-4
1536	-4.91753E-5
1537	-9.75812E-4
1538	-0.00286
1539	-0.00615
1540	-0.0074
1541	-0.00715
1542	-0.00552
1543	-0.00487
1544	-0.00446
1545	-0.00508
1546	-0.00554
1547	-0.00588
1548	-0.00465
1549	-0.00229
1550	0.00177
1551	0.00483
1552	0.00719
1553	0.00925
1554	0.01058
1555	0.00851
1556	0.00686
1557	0.00497
1558	0.00321
1559	0.00103
1560	-2.13074E-4
1561	-0.0026
1562	-0.00495
1563	-0.00524
1564	-0.0043
1565	-0.00228
1566	-9.16483E-4
1567	0.00114
1568	0.00244
1569	0.00355
1570	0.00425
1571	0.0073
1572	0.00972
1573	0.00998
1574	0.00814
1575	0.00648
1576	0.00406
1577	0.00209
1578	-0.00169
1579	-0.00406
1580	-0.00471
1581	-0.00521
1582	-0.00514
1583	-0.00229
1584	1.27161E-4
1585	7.48162E-4
1586	0.00187
1587	-1.89835E-4
1588	-0.00132
1589	-7.08331E-4
1590	8.87106E-4
1591	0.00117
1592	0.004
1593	0.00454
1594	0.00368
1595	0.00147
1596	8.17578E-4
1597	-9.82972E-4
1598	-0.00112
1599	-0.00149
1600	-0.00248
1601	-0.00509
1602	-0.00665
1603	-0.00668
1604	-0.00644
1605	-0.00565
1606	-0.00484
1607	-0.00405
1608	-0.0052
1609	-0.0053
1610	-0.00266
1611	0.0017
1612	0.00474
1613	0.00694
1614	0.00934
1615	0.00849
1616	0.00624
1617	0.00574
1618	0.004
1619	6.5973E-5
1620	-0.00113
1621	-0.00145
1622	-0.00238
1623	-0.00312
1624	-0.00471
1625	-0.00678
1626	-0.0074
1627	-0.00921
1628	-0.009
1629	-0.00575
1630	-0.00198
1631	0.00202
1632	0.00697
1633	0.01121
1634	0.01475
1635	0.01546
1636	0.01285
1637	0.00862
1638	0.00474
1639	0.00205
1640	-5.43531E-4
1641	-0.00249
1642	-0.00368
1643	-0.00551
1644	-0.00814
1645	-0.00818
1646	-0.00617
1647	-0.0037
1648	5.83335E-4
1649	0.00547
1650	0.0075
1651	0.00769
1652	0.00463
1653	-4.90602E-4
1654	-0.00558
1655	-0.00866
1656	-0.01079
1657	-0.00701
1658	-0.00305
1659	4.68245E-4
1660	0.00174
1661	0.00195
1662	1.83837E-6
1663	-9.8369E-4
1664	-0.00414
1665	-0.00497
1666	-0.00608
1667	-0.00815
1668	-0.00915
1669	-0.00726
1670	-0.00648
1671	-0.00495
1672	-0.0026
1673	-0.00145
1674	0.00128
1675	0.00383
1676	0.00432
1677	0.00457
1678	0.00439
1679	8.96478E-4
1680	-0.00361
1681	-0.0055
1682	-0.00806
1683	-0.0087
1684	-0.00808
1685	-0.00546
1686	-0.0033
1687	9.24262E-4
1688	0.00286
1689	0.00431
1690	0.00421
1691	0.00379
1692	0.00221
1693	0.00139
1694	-0.00113
1695	-0.0021
1696	-0.00161
1697	-0.00247
1698	-0.00289
1699	-0.00153
1700	0.00116
1701	0.00114
1702	3.69738E-4
1703	-9.93562E-4
1704	-0.00343
1705	-0.00608
1706	-0.00687
1707	-0.00568
1708	-0.00449
1709	-0.00208
1710	-0.00116
1711	4.51452E-5
1712	0.00149
1713	0.00264
1714	0.00195
1715	0.00222
1716	0.00124
1717	-9.72869E-4
1718	-0.002
1719	-0.00139
1720	-0.00111
1721	4.55265E-4
1722	0.00258
1723	0.00403
1724	0.00455
1725	0.00355
1726	0.00151
1727	-2.40699E-4
1728	-0.0026
1729	-0.0029
1730	-0.00281
1731	-0.00271
1732	-0.0015
1733	7.88455E-4
1734	0.00197
1735	0.00226
1736	0.0024
1737	-4.40682E-5
1738	-0.00332
1739	-0.00722
1740	-0.00963
1741	-0.00954
1742	-0.00777
1743	-0.00697
1744	-0.00701
1745	-0.00644
1746	-0.00723
1747	-0.00802
1748	-0.00922
1749	-0.00805
1750	-0.00696
1751	-0.0061
1752	-0.00463
1753	-6.14898E-4
1754	0.00281
1755	0.00372
1756	0.00399
1757	0.00379
1758	0.00126
1759	-4.99616E-4
1760	-0.00126
1761	-0.00201
1762	-0.00322
1763	-0.00199
1764	-0.00194
1765	-0.00146
1766	-0.00108
1767	-7.42193E-4
1768	-0.00221
1769	-0.0042
1770	-0.00571
1771	-0.00707
1772	-0.00748
1773	-0.00518
1774	-0.00427
1775	-0.00436
1776	-0.00405
1777	-0.00329
1778	-0.00743
1779	-0.00889
1780	-0.00845
1781	-0.00847
1782	-0.00826
1783	-0.0044
1784	-0.00267
1785	-0.00454
1786	-0.0061
1787	-0.00669
1788	-0.00975
1789	-0.01044
1790	-0.00854
1791	-0.0073
1792	-0.00752
1793	-0.00651
1794	-0.00664
1795	-0.00747
1796	-0.00617
1797	-0.00535
1798	-0.00387
1799	-0.00243
1800	-0.00104
1801	-0.0015
1802	-0.00153
1803	-0.00186
1804	-0.00221
1805	-0.0018
1806	4.0442E-5
1807	5.62796E-4
1808	0.00102
1809	-4.65542E-4
1810	-0.00212
1811	-0.00399
1812	-0.00533
1813	-0.00739
1814	-0.00637
1815	-0.00552
1816	-0.00643
1817	-0.00668
1818	-0.00464
1819	-0.00441
1820	-0.00311
1821	-1.21061E-4
1822	0.00385
1823	0.00622
1824	0.00749
1825	0.00592
1826	0.00401
1827	-2.76645E-4
1828	-0.00537
1829	-0.00951
1830	-0.01004
1831	-0.01038
1832	-0.00806
1833	-0.0054
1834	-0.0032
1835	-0.00205
1836	-0.002
1837	-0.00492
1838	-0.00455
1839	-0.00301
1840	-0.00277
1841	-0.00133
1842	1.70439E-5
1843	-0.00131
1844	-0.00358
1845	-0.00388
1846	-0.00531
1847	-0.00477
1848	-0.00391
1849	-0.00213
1850	-0.0023
1851	-0.00151
1852	-0.00152
1853	-0.00129
1854	-0.00173
1855	-8.16976E-4
1856	2.17801E-4
1857	0.00265
1858	0.00366
1859	0.00477
1860	0.00552
1861	0.00352
1862	-9.80747E-5
1863	-0.00326
1864	-0.0088
1865	-0.01467
1866	-0.01573
1867	-0.01584
1868	-0.01756
1869	-0.01626
1870	-0.01088
1871	-0.00624
1872	-0.00305
1873	0.00407
1874	0.01206
1875	0.01459
1876	0.01179
1877	0.00783
1878	0.0022
1879	-0.00428
1880	-0.01041
1881	-0.01205
1882	-0.01016
1883	-0.00861
1884	-0.00609
1885	-0.003
1886	-0.00133
1887	-0.00153
1888	-0.00341
1889	-0.00613
1890	-0.01007
1891	-0.01118
1892	-0.00995
1893	-0.00765
1894	-0.00597
1895	-0.00196
1896	-7.30055E-4
1897	-0.0011
1898	-0.00181
1899	-0.00144
1900	-0.00216
1901	-0.00395
1902	-0.00461
1903	-0.00308
1904	-0.00183
1905	-8.23392E-7
1906	0.0026
1907	0.00288
1908	6.32308E-5
1909	-0.00221
1910	-0.00355
1911	-0.00424
1912	-0.00471
1913	-0.00291
1914	-0.00196
1915	-0.00227
1916	-0.00224
1917	1.18783E-4
1918	0.00135
1919	0.0025
1920	0.00381
1921	0.00488
1922	0.00484
1923	0.00573
1924	0.00506
1925	0.00583
1926	0.00634
1927	0.00656
1928	0.00803
1929	0.01043
1930	0.00969
1931	0.00733
1932	0.00402
1933	-5.99955E-4
1934	-0.0034
1935	-0.00271
1936	-0.00108
1937	7.07392E-4
1938	0.00178
1939	0.00112
1940	-3.35652E-4
1941	-0.00114
1942	-0.00277
1943	-0.00278
1944	-0.00129
1945	-5.8561E-4
1946	-7.00225E-4
1947	0.00156
1948	0.00376
1949	0.00268
1950	3.04501E-4
1951	-0.00158
1952	-0.00419
1953	-0.00623
1954	-0.00718
1955	-0.00778
1956	-0.00753
1957	-0.00663
1958	-0.00716
1959	-0.00462
1960	-0.00249
1961	-0.00143
1962	-0.00187
1963	-0.00295
1964	-0.00501
1965	-0.00556
1966	-0.00519
1967	-0.00264
1968	-3.56781E-4
1969	9.88548E-4
1970	0.00398
1971	0.00583
1972	0.00522
1973	0.00547
1974	0.00387
1975	6.33402E-4
1976	-0.00143
1977	-0.00225
1978	-0.00231
1979	-0.00107
1980	7.57132E-4
1981	0.00205
1982	0.00285
1983	0.00358
1984	0.00351
1985	0.00207
1986	0.00157
1987	9.54476E-4
1988	-5.80058E-4
1989	-7.86136E-4
1990	0.00223
1991	0.00437
1992	0.00569
1993	0.00718
1994	0.00971
1995	0.00917
1996	0.00729
1997	0.00502
1998	0.00416
1999	9.65371E-4
2000	-0.00279
2001	-0.00398
2002	-0.0026
2003	-0.00134
2004	-3.65102E-4
2005	0.00126
2006	0.0014
2007	4.99795E-4
2008	-0.0018
2009	-0.00158
2010	-0.00137
2011	-0.00119
2012	-0.00177
2013	-0.00187
2014	-0.00369
2015	-0.00531
2016	-0.00493
2017	-0.00408
2018	-0.00523
2019	-0.00454
2020	-0.00482
2021	-0.0068
2022	-0.00772
2023	-0.00667
2024	-0.00707
2025	-0.00556
2026	-0.00243
2027	0.00152
2028	0.00631
2029	0.0097
2030	0.01205
2031	0.01252
2032	0.00987
2033	0.00595
2034	0.00117
2035	-0.00359
2036	-0.00788
2037	-0.01025
2038	-0.01192
2039	-0.00858
2040	-0.00448
2041	-0.00179
2042	0.00164
2043	0.00436
2044	0.00569
2045	0.00532
2046	0.00634
2047	0.00428
2048	0.00245
2049	5.05993E-4
2050	-4.71902E-4
2051	-0.00181
2052	-0.0016
2053	-0.00205
2054	-0.00159
2055	-5.2389E-4
2056	-0.00183
2057	-0.00236
2058	-0.00229
2059	-0.00392
2060	-0.0046
2061	-0.0039
2062	-0.00291
2063	-0.00217
2064	-0.0016
2065	-0.00194
2066	-6.98892E-4
2067	-2.10317E-4
2068	3.58259E-4
2069	0.00192
2070	0.00245
2071	0.00216
2072	0.00125
2073	0.00119
2074	5.13169E-4
2075	3.13063E-4
2076	1.24243E-4
2077	7.65423E-4
2078	0.00109
2079	0.00259
2080	0.00306
2081	0.00409
2082	0.00441
2083	0.00387
2084	0.0011
2085	-0.0011
2086	-0.00151
2087	-0.00161
2088	-3.92975E-4
2089	0.0016
2090	0.00382
2091	0.00475
2092	0.00482
2093	0.0041
2094	0.00234
2095	9.42113E-4
2096	-0.00415
2097	-0.00783
2098	-0.01027
2099	-0.01071
2100	-0.01129
2101	-0.00836
2102	-0.00577
2103	-0.00569
2104	-0.00822
2105	-0.00997
2106	-0.00966
2107	-0.00925
2108	-0.00631
2109	-9.71662E-4
2110	0.00399
2111	0.00676
2112	0.00854
2113	0.00961
2114	0.01078
2115	0.0117
2116	0.01193
2117	0.01242
2118	0.01134
2119	0.00819
2120	0.0054
2121	0.00423
2122	0.0041
2123	0.0048
2124	0.00623
2125	0.00691
2126	0.00597
2127	0.00291
2128	-3.40949E-4
2129	-0.00122
2130	-0.0022
2131	-0.00193
2132	-3.04256E-4
2133	5.07312E-4
2134	-8.2112E-4
2135	-6.49552E-4
2136	-0.00265
2137	-0.00438
2138	-0.00403
2139	-9.94404E-4
2140	0.00147
2141	0.00439
2142	0.00615
2143	0.00715
2144	0.00452
2145	0.00272
2146	0.0011
2147	-0.00102
2148	-0.00388
2149	-0.00385
2150	-0.00461
2151	-0.00349
2152	-0.0026
2153	-0.00125
2154	-0.0014
2155	-0.0016
2156	-0.00148
2157	7.80168E-5
2158	0.00247
2159	0.00557
2160	0.00741
2161	0.00717
2162	0.00748
2163	0.00595
2164	0.00395
2165	0.00323
2166	0.0044
2167	0.00505
2168	0.00664
2169	0.00688
2170	0.00716
2171	0.00562
2172	0.00418
2173	0.00309
2174	0.00337
2175	0.00194
2176	0.00277
2177	0.00391
2178	0.00486
2179	0.00598
2180	0.00718
2181	0.00686
2182	0.00704
2183	0.00706
2184	0.00565
2185	0.00431
2186	0.00411
2187	0.00397
2188	0.00341
2189	0.0033
2190	0.00398
2191	0.00249
2192	0.00229
2193	0.00358
2194	0.00353
2195	0.00303
2196	0.0034
2197	0.00176
2198	-7.13929E-4
2199	-0.00101
2200	6.79325E-4
2201	0.00369
2202	0.00638
2203	0.00832
2204	0.01031
2205	0.0096
2206	0.0063
2207	0.0037
2208	0.00274
2209	8.06313E-4
2210	0.0017
2211	0.00398
2212	0.00536
2213	0.0053
2214	0.00507
2215	0.00292
2216	6.30843E-4
2217	-8.00827E-4
2218	-7.35165E-5
2219	0.00302
2220	0.00645
2221	0.00849
2222	0.00899
2223	0.00857
2224	0.00371
2225	-0.00237
2226	-0.00382
2227	-0.0028
2228	-0.00173
2229	0.002
2230	0.00765
2231	0.00958
2232	0.00941
2233	0.0079
2234	0.00658
2235	0.00672
2236	0.00759
2237	0.00797
2238	0.00859
2239	0.0089
2240	0.00707
2241	0.00463
2242	0.00473
2243	0.00484
2244	0.00663
2245	0.00725
2246	0.00804
2247	0.00569
2248	0.00456
2249	0.00211
2250	0.00113
2251	4.36275E-4
2252	6.45899E-4
2253	-4.47088E-4
2254	-0.00122
2255	-0.00169
2256	-0.00258
2257	-0.00141
2258	-1.45652E-4
2259	0.00119
2260	0.00265
2261	0.00436
2262	0.00487
2263	0.00377
2264	0.00158
2265	-3.3955E-4
2266	-0.00144
2267	-0.00172
2268	-9.81712E-4
2269	0.0015
2270	0.00236
2271	0.00157
2272	7.46228E-4
2273	9.29928E-4
2274	-8.46607E-4
2275	-0.0017
2276	-6.79676E-4
2277	-5.16211E-4
2278	-5.55895E-4
2279	5.03962E-4
2280	9.03819E-4
2281	-2.96324E-4
2282	-9.16467E-4
2283	-0.0013
2284	-7.53453E-4
2285	0.00146
2286	0.00377
2287	0.00583
2288	0.00645
2289	0.00326
2290	-0.00104
2291	-0.00353
2292	-0.006
2293	-0.00683
2294	-0.00532
2295	-0.00291
2296	-0.00135
2297	2.11542E-4
2298	0.00137
2299	0.0026
2300	0.00298
2301	0.00284
2302	0.00301
2303	0.00391
2304	0.00429
2305	0.00497
2306	0.00448
2307	0.00419
2308	0.00135
2309	-2.86712E-4
2310	-0.00554
2311	-0.01105
2312	-0.01613
2313	-0.01638
2314	-0.01467
2315	-0.00928
2316	-0.00211
2317	0.0054
2318	0.00864
2319	0.00918
2320	0.00854
2321	0.00785
2322	0.00634
2323	0.00537
2324	0.00365
2325	0.00395
2326	0.00218
2327	1.83326E-4
2328	-0.00132
2329	-0.00183
2330	-0.00383
2331	-0.00423
2332	-0.00608
2333	-0.00526
2334	-0.00337
2335	1.14259E-4
2336	0.00178
2337	0.00341
2338	0.0015
2339	-9.81013E-4
2340	-0.00379
2341	-0.00407
2342	-0.00212
2343	5.57893E-4
2344	-0.00222
2345	-0.00776
2346	-0.01064
2347	-0.01361
2348	-0.01712
2349	-0.01417
2350	-0.00723
2351	-0.00278
2352	0.00147
2353	0.00762
2354	0.01229
2355	0.01485
2356	0.01625
2357	0.01636
2358	0.0137
2359	0.01072
2360	0.00752
2361	0.00456
2362	0.00247
2363	0.00268
2364	0.00308
2365	0.00343
2366	0.00367
2367	0.00224
2368	-1.17627E-5
2369	-0.00105
2370	-0.00131
2371	-0.00114
2372	-8.88749E-4
2373	0.00128
2374	0.00219
2375	0.0012
2376	4.38489E-4
2377	8.57684E-5
2378	-0.0017
2379	-0.00374
2380	-0.0046
2381	-0.00422
2382	-0.00296
2383	-0.00252
2384	-0.00141
2385	-1.48914E-4
2386	-8.47178E-4
2387	1.4559E-5
2388	8.86295E-4
2389	1.89766E-4
2390	1.44691E-4
2391	7.49617E-4
2392	3.34542E-4
2393	5.09468E-4
2394	0.00218
2395	0.003
2396	0.00283
2397	0.00245
2398	0.00237
2399	0.00145
2400	8.04617E-4
2401	9.07446E-4
2402	3.30276E-4
2403	-7.26895E-4
2404	-0.00211
2405	-0.00164
2406	-0.00161
2407	-0.00102
2408	7.44127E-4
2409	0.00374
2410	0.00385
2411	0.00351
2412	0.00333
2413	0.00222
2414	3.84968E-4
2415	-0.0017
2416	-0.00223
2417	-0.00268
2418	-0.00195
2419	-0.00197
2420	-2.79781E-4
2421	0.00118
2422	0.00257
2423	0.00269
2424	0.00336
2425	0.00219
2426	0.00173
2427	0.00127
2428	2.08845E-4
2429	-2.1278E-4
2430	3.6656E-4
2431	-0.00101
2432	-0.00287
2433	-0.0031
2434	-0.00359
2435	-0.00328
2436	-0.00278
2437	-0.00101
2438	-0.00101
2439	-2.39185E-4
2440	3.9875E-5
2441	-4.41086E-4
2442	-0.00119
2443	-3.03007E-4
2444	-2.83968E-4
2445	-0.00195
2446	-0.00122
2447	-9.68007E-4
2448	-0.00135
2449	-0.00121
2450	-0.00135
2451	-0.00251
2452	-0.0038
2453	-0.00233
2454	-5.2849E-4
2455	0.00228
2456	0.00413
2457	0.00605
2458	0.00555
2459	0.00308
2460	2.85351E-4
2461	-0.00127
2462	-0.00317
2463	-0.00543
2464	-0.00697
2465	-0.00977
2466	-0.00976
2467	-0.00784
2468	-0.00637
2469	-0.00436
2470	0.00147
2471	0.00541
2472	0.00672
2473	0.00805
2474	0.00814
2475	0.00757
2476	0.00494
2477	0.00377
2478	0.00201
2479	0.00102
2480	-3.70258E-4
2481	-0.00111
2482	-0.00139
2483	-2.9062E-4
2484	9.82592E-4
2485	0.00161
2486	0.00207
2487	7.44051E-4
2488	3.08024E-4
2489	-8.88003E-4
2490	-0.00247
2491	-0.00291
2492	-0.00253
2493	-0.00721
2494	-0.01094
2495	-0.01132
2496	-0.01051
2497	-0.01041
2498	-0.00676
2499	-0.00349
2500	-0.00202
2501	-0.00137
2502	-3.41017E-4
2503	0.00122
2504	0.00281
2505	0.00243
2506	0.00197
2507	0.00193
2508	-2.02913E-4
2509	-0.00163
2510	-0.00113
2511	-3.82365E-4
2512	-0.00262
2513	-0.0058
2514	-0.00751
2515	-0.00779
2516	-0.00823
2517	-0.00525
2518	-4.8024E-4
2519	0.00264
2520	0.0036
2521	0.00334
2522	0.0026
2523	0.00315
2524	0.00367
2525	0.00446
2526	0.00557
2527	0.00498
2528	0.00405
2529	0.00321
2530	0.00258
2531	0.0023
2532	0.00227
2533	0.00142
2534	4.26087E-4
2535	-0.00201
2536	-0.0037
2537	-0.00386
2538	-0.00359
2539	-0.00221
2540	4.79428E-4
2541	0.00118
2542	0.00145
2543	0.00237
2544	0.00342
2545	0.00366
2546	0.00376
2547	0.00364
2548	0.00138
2549	-0.0014
2550	-0.00289
2551	-0.00461
2552	-0.00486
2553	-0.00311
2554	-0.00177
2555	-0.00156
2556	1.69646E-4
2557	3.24414E-4
2558	2.49181E-4
2559	9.39485E-5
2560	7.88716E-4
2561	0.00129
2562	0.0018
2563	0.00355
2564	0.00558
2565	0.00582
2566	0.0055
2567	0.00664
2568	0.00503
2569	0.0032
2570	0.00222
2571	7.2969E-4
2572	-0.00174
2573	-0.00294
2574	-0.00336
2575	-0.0055
2576	-0.00738
2577	-0.00863
2578	-0.00875
2579	-0.00904
2580	-0.00562
2581	-0.00137
2582	7.00063E-4
2583	-7.15395E-4
2584	-0.00185
2585	-0.00589
2586	-0.007
2587	-0.00498
2588	-2.06106E-4
2589	0.00282
2590	0.00798
2591	0.01124
2592	0.0124
2593	0.01247
2594	0.01151
2595	0.01021
2596	0.0077
2597	0.00541
2598	0.00425
2599	0.00545
2600	0.00524
2601	0.00515
2602	0.00423
2603	0.00223
2604	3.22517E-4
2605	-1.2551E-4
2606	-6.93537E-4
2607	7.38754E-5
2608	0.00194
2609	0.00307
2610	0.00228
2611	0.001
2612	-0.00299
2613	-0.00772
2614	-0.01077
2615	-0.01039
2616	-0.00827
2617	-0.00404
2618	5.24005E-4
2619	0.00345
2620	0.00374
2621	0.00253
2622	0.00205
2623	0.0033
2624	0.00434
2625	0.00409
2626	0.00398
2627	0.00231
2628	-0.00199
2629	-0.00567
2630	-0.00541
2631	-0.00399
2632	-0.00172
2633	4.77525E-4
2634	0.00133
2635	8.13462E-4
2636	-0.00131
2637	-0.00278
2638	-0.00202
2639	-0.00128
2640	-0.00104
2641	-2.51797E-4
2642	1.62E-4
2643	-7.25407E-4
2644	-2.02814E-4
2645	-3.9022E-4
2646	-0.00111
2647	-0.00145
2648	-0.00101
2649	-0.00169
2650	-0.00108
2651	-0.00124
2652	-0.001
2653	-5.16278E-4
2654	5.72253E-4
2655	4.50785E-4
2656	0.00163
2657	4.87321E-4
2658	-0.00109
2659	-0.00171
2660	-7.01701E-4
2661	-5.47085E-5
2662	0.0028
2663	0.0048
2664	0.00627
2665	0.00681
2666	0.00668
2667	0.00615
2668	0.00523
2669	0.00438
2670	0.00217
2671	0.00135
2672	3.84841E-4
2673	-6.21288E-4
2674	-0.00128
2675	-3.73546E-4
2676	-7.89675E-4
2677	-0.00114
2678	-4.23398E-4
2679	4.59141E-4
2680	0.00107
2681	0.00247
2682	0.00325
2683	0.00331
2684	0.00205
2685	0.00118
2686	1.10153E-4
2687	-4.18982E-4
2688	-0.0027
2689	-0.00505
2690	-0.00647
2691	-0.00602
2692	-0.00572
2693	-0.0031
2694	-1.65227E-4
2695	0.00177
2696	0.00105
2697	9.61743E-4
2698	0.00126
2699	0.00136
2700	5.52177E-4
2701	0.00127
2702	0.00211
2703	0.00243
2704	0.00188
2705	-0.00154
2706	-0.00317
2707	-0.00576
2708	-0.00774
2709	-0.00751
2710	-0.00348
2711	-0.0016
2712	0.00198
2713	0.00558
2714	0.00754
2715	0.0095
2716	0.01134
2717	0.01194
2718	0.01066
2719	0.0095
2720	0.00763
2721	0.00511
2722	0.00122
2723	-0.00412
2724	-0.00671
2725	-0.00829
2726	-0.00832
2727	-0.00604
2728	-0.00255
2729	-0.0018
2730	-0.00244
2731	-0.00378
2732	-0.00381
2733	-0.00271
2734	-0.00105
2735	1.20973E-4
2736	5.58723E-4
2737	-1.73527E-4
2738	1.44536E-5
2739	-5.07183E-4
2740	1.7118E-4
2741	0.00214
2742	0.00253
2743	0.00367
2744	0.00402
2745	0.00142
2746	-0.00152
2747	-0.00365
2748	-0.00643
2749	-0.0069
2750	-0.00512
2751	-0.00282
2752	-0.00142
2753	-4.52857E-4
2754	-0.00128
2755	-0.00202
2756	-0.00266
2757	-0.00236
2758	-0.00175
2759	-7.86601E-4
2760	0.0015
2761	0.00365
2762	0.005
2763	0.00566
2764	0.0063
2765	0.00597
2766	0.0049
2767	0.00376
2768	4.03803E-4
2769	-0.00264
2770	-0.00414
2771	-0.00478
2772	-0.00456
2773	-0.00233
2774	0.0015
2775	0.0036
2776	0.00369
2777	0.00155
2778	4.95594E-4
2779	-0.00106
2780	-0.00269
2781	-0.00249
2782	-7.7232E-4
2783	-3.44308E-4
2784	-3.9728E-4
2785	-9.04515E-5
2786	-0.00143
2787	-0.00654
2788	-0.00773
2789	-0.00683
2790	-0.00523
2791	-0.00346
2792	0.00255
2793	0.00454
2794	0.00375
2795	0.00238
2796	5.50645E-4
2797	-0.00198
2798	-0.00191
2799	-0.00148
2800	-0.00185
2801	-4.27557E-4
2802	6.86705E-4
2803	0.00104
2804	0.00234
2805	0.00427
2806	0.00412
2807	0.00511
2808	0.00382
2809	6.89641E-4
2810	-5.54895E-4
2811	-2.09431E-4
2812	7.60339E-5
2813	0.00111
2814	0.00228
2815	-3.67061E-4
2816	-0.00172
2817	-0.00241
2818	-0.00256
2819	-0.00196
2820	-0.00348
2821	-0.00673
2822	-0.00914
2823	-0.00996
2824	-0.01152
2825	-0.01005
2826	-0.00673
2827	-0.00336
2828	-0.00173
2829	5.23153E-4
2830	0.0041
2831	0.00613
2832	0.00735
2833	0.00817
2834	0.00901
2835	0.00788
2836	0.00614
2837	0.00399
2838	0.00107
2839	-9.53969E-4
2840	-5.09128E-4
2841	1.85712E-4
2842	1.60553E-4
2843	0.00173
2844	3.40193E-4
2845	-0.00259
2846	-0.00517
2847	-0.00671
2848	-0.00754
2849	-0.00509
2850	-5.2355E-4
2851	0.00198
2852	0.00392
2853	0.00471
2854	0.004
2855	7.95983E-4
2856	-0.00213
2857	-0.0039
2858	-0.00515
2859	-0.00398
2860	-0.00146
2861	0.00182
2862	0.00196
2863	0.00198
2864	1.1467E-4
2865	-9.82944E-4
2866	-2.80644E-4
2867	0.00258
2868	0.00583
2869	0.00436
2870	4.48003E-4
2871	-0.00191
2872	-0.00497
2873	-0.00785
2874	-0.00515
2875	-5.24503E-4
2876	0.00114
2877	0.00424
2878	0.00642
2879	0.00832
2880	0.00824
2881	0.00759
2882	0.00602
2883	0.00474
2884	0.00197
2885	-0.00248
2886	-0.00521
2887	-0.00682
2888	-0.01166
2889	-0.01545
2890	-0.01277
2891	-0.00935
2892	-0.0081
2893	-0.00354
2894	5.97265E-4
2895	0.00302
2896	0.00308
2897	0.00356
2898	0.00486
2899	0.00594
2900	0.00506
2901	0.00511
2902	0.00414
2903	0.0031
2904	9.55572E-4
2905	1.01339E-4
2906	9.26412E-4
2907	0.00267
2908	1.16558E-4
2909	-0.00258
2910	-0.00335
2911	-0.00455
2912	-0.00426
2913	-4.42112E-4
2914	0.00498
2915	0.00693
2916	0.00682
2917	0.00533
2918	0.00333
2919	0.00195
2920	-8.09284E-5
2921	-0.00493
2922	-0.0063
2923	-0.00739
2924	-0.01028
2925	-0.01014
2926	-0.0046
2927	-3.75792E-4
2928	-0.00199
2929	-0.0045
2930	-0.00537
2931	-0.00638
2932	-0.00873
2933	-0.00462
2934	0.00249
2935	0.0072
2936	0.01103
2937	0.01443
2938	0.01633
2939	0.01726
2940	0.01528
2941	0.00589
2942	-0.0034
2943	-0.00906
2944	-0.01334
2945	-0.01666
2946	-0.01045
2947	-0.00246
2948	0.00279
2949	0.00782
2950	0.01515
2951	0.01861
2952	0.01907
2953	0.01865
2954	0.01766
2955	0.01464
2956	0.01235
2957	0.01006
2958	0.00811
2959	0.00579
2960	0.00407
2961	0.00172
2962	5.35705E-4
2963	-8.82969E-4
2964	-0.0032
2965	-0.00415
2966	-0.00471
2967	-0.00482
2968	-0.00501
2969	-0.00389
2970	-0.00367
2971	-9.1306E-4
2972	3.87481E-4
2973	8.08021E-4
2974	0.00151
2975	0.00189
2976	0.00102
2977	0.00122
2978	0.00153
2979	0.0026
2980	0.00326
2981	0.00212
2982	5.90387E-4
2983	0.00116
2984	0.00101
2985	-7.5867E-4
2986	-2.82856E-4
2987	-2.48691E-4
2988	-0.00187
2989	-0.00418
2990	-0.00406
2991	-0.00596
2992	-0.0058
2993	-0.00351
2994	-0.00113
2995	0.00145
2996	0.00479
2997	0.00469
2998	0.00309
2999	0.00271
3000	0.00156
3001	7.50469E-4
3002	0.00157
3003	0.0029
3004	0.00223
3005	0.00269
3006	0.00311
3007	0.00363
3008	0.00291
3009	0.00174
3010	-0.00118
3011	-0.0032
3012	-0.00441
3013	-0.00428
3014	-0.0043
3015	-0.00299
3016	-0.00321
3017	-0.00398
3018	-0.0049
3019	-0.00312
3020	-0.00142
3021	-0.00124
3022	-0.0037
3023	-0.00482
3024	-0.00467
3025	-0.00596
3026	-0.00462
3027	5.25208E-4
3028	0.00538
3029	0.00719
3030	0.00722
3031	0.00396
3032	-0.00205
3033	-0.00668
3034	-0.00979
3035	-0.00799
3036	-0.00283
3037	0.00453
3038	0.00656
3039	0.00682
3040	0.00513
3041	0.00308
3042	0.00145
3043	0.00361
3044	0.00579
3045	0.00653
3046	0.00619
3047	0.00544
3048	0.00223
3049	-0.00128
3050	-0.00288
3051	-0.00249
3052	-0.00251
3053	-0.00109
3054	0.0011
3055	0.00177
3056	-4.46463E-4
3057	-0.00264
3058	-0.00343
3059	-0.0047
3060	-0.00522
3061	-0.0042
3062	-0.00502
3063	-0.00688
3064	-0.00887
3065	-0.01362
3066	-0.02202
3067	-0.02527
3068	-0.02748
3069	-0.02757
3070	-0.02217
3071	-0.0097
3072	3.08994E-4
3073	0.00927
3074	0.01629
3075	0.01967
3076	0.02007
3077	0.01656
3078	0.00931
3079	0.00366
3080	4.55183E-4
3081	-0.00257
3082	-0.00254
3083	-2.96965E-4
3084	2.02957E-4
3085	-9.47122E-4
3086	-0.00219
3087	-0.00481
3088	-0.007
3089	-0.00649
3090	-0.00693
3091	-0.00756
3092	-0.01233
3093	-0.01325
3094	-0.01408
3095	-0.01213
3096	-0.00965
3097	-7.47492E-4
3098	0.00396
3099	0.00668
3100	0.00827
3101	0.00817
3102	0.0067
3103	0.00616
3104	0.00372
3105	-2.80579E-5
3106	-0.00313
3107	-0.00522
3108	-0.00605
3109	-0.00554
3110	-0.0039
3111	-0.00184
3112	-1.36072E-4
3113	8.93845E-4
3114	1.23967E-4
3115	-0.00202
3116	-0.00443
3117	-0.0068
3118	-0.00874
3119	-0.00828
3120	-0.00639
3121	-0.00385
3122	-0.00297
3123	-0.0033
3124	-0.00302
3125	-0.0027
3126	-0.00217
3127	-6.40046E-4
3128	0.00162
3129	0.00118
3130	-9.82087E-5
3131	-0.00214
3132	-0.00756
3133	-0.01218
3134	-0.0129
3135	-0.01353
3136	-0.01334
3137	-0.00894
3138	-0.00572
3139	-0.00507
3140	-0.00308
3141	-0.00363
3142	-0.00823
3143	-0.01624
3144	-0.02518
3145	-0.03037
3146	-0.03044
3147	-0.02453
3148	-0.01377
3149	7.15913E-5
3150	0.00886
3151	0.0149
3152	0.01587
3153	0.01532
3154	0.0142
3155	0.01297
3156	0.01028
3157	0.00947
3158	0.00811
3159	0.0049
3160	0.00282
3161	0.00158
3162	0.00122
3163	9.25628E-4
3164	0.00122
3165	0.00162
3166	0.00216
3167	0.002
3168	0.00237
3169	0.00216
3170	0.00154
3171	0.00127
3172	0.00147
3173	0.00145
3174	0.00195
3175	0.0026
3176	0.00198
3177	5.38078E-4
3178	-3.93183E-4
3179	-5.8183E-4
3180	-0.00128
3181	-0.00152
3182	-9.1777E-4
3183	-4.46296E-4
3184	-0.00182
3185	-0.00618
3186	-0.0097
3187	-0.01092
3188	-0.01086
3189	-0.00802
3190	-0.00189
3191	0.00354
3192	0.00731
3193	0.01011
3194	0.01044
3195	0.01003
3196	0.01007
3197	0.00819
3198	0.00582
3199	0.00452
3200	0.00368
3201	0.00178
3202	5.75758E-4
3203	2.70073E-4
3204	2.03178E-4
3205	-5.33989E-4
3206	-4.11156E-4
3207	6.61677E-4
3208	4.5451E-4
3209	-5.6445E-4
3210	-0.00302
3211	-0.00734
3212	-0.01108
3213	-0.0123
3214	-0.01284
3215	-0.00996
3216	-0.00404
3217	3.67194E-4
3218	0.00269
3219	0.00448
3220	0.00497
3221	0.00292
3222	0.00156
3223	6.31169E-4
3224	5.71324E-4
3225	4.69337E-4
3226	5.17351E-4
3227	0.00147
3228	0.00197
3229	0.00194
3230	0.00134
3231	0.00164
3232	0.0016
3233	2.36675E-4
3234	-5.24373E-4
3235	-8.19183E-4
3236	-0.00119
3237	-0.00227
3238	-0.00244
3239	-0.00196
3240	-0.00416
3241	-0.00679
3242	-0.00986
3243	-0.0093
3244	-0.0083
3245	-0.00443
3246	4.02808E-4
3247	0.00391
3248	0.00475
3249	0.00436
3250	0.00393
3251	0.00273
3252	0.00398
3253	0.00325
3254	0.0023
3255	0.00123
3256	0.00107
3257	-1.07172E-4
3258	-0.00132
3259	-0.00343
3260	-0.00636
3261	-0.00974
3262	-0.01163
3263	-0.01114
3264	-0.00797
3265	-0.00331
3266	0.00112
3267	0.00488
3268	0.00765
3269	0.00859
3270	0.0071
3271	0.00685
3272	0.00536
3273	0.00443
3274	0.00243
3275	0.00191
3276	0.00127
3277	0.00129
3278	0.00104
3279	0.00103
3280	0.00178
3281	0.00242
3282	0.00214
3283	0.00153
3284	0.00108
3285	1.65719E-4
3286	-3.24489E-4
3287	4.05303E-4
3288	-1.04904E-4
3289	-1.35112E-4
3290	-8.15319E-4
3291	-0.00244
3292	-0.00341
3293	-0.00326
3294	-0.00293
3295	-9.36453E-4
3296	7.53201E-4
3297	5.62855E-4
3298	6.52509E-4
3299	0.00204
3300	0.00316
3301	0.00401
3302	0.00619
3303	0.00722
3304	0.00595
3305	5.60636E-4
3306	-0.00524
3307	-0.00852
3308	-0.00861
3309	-0.00777
3310	-0.00331
3311	0.00296
3312	0.00682
3313	0.009
3314	0.01151
3315	0.01329
3316	0.01308
3317	0.0125
3318	0.0118
3319	0.01091
3320	0.00863
3321	0.0065
3322	0.0039
3323	0.0012
3324	-0.00102
3325	-8.27527E-4
3326	-5.75575E-4
3327	-4.93623E-4
3328	3.28329E-4
3329	-3.09719E-4
3330	-0.00111
3331	-0.00126
3332	-4.92027E-4
3333	4.60721E-4
3334	0.00173
3335	0.00107
3336	9.01019E-5
3337	-5.76237E-4
3338	-0.00184
3339	-0.00337
3340	-0.00287
3341	-0.00162
3342	-0.00167
3343	-0.00165
3344	-5.16301E-4
3345	-3.71467E-4
3346	-0.00155
3347	-0.00152
3348	-0.00108
3349	-0.00136
3350	-0.00213
3351	-0.00151
3352	-0.00142
3353	-0.00194
3354	-0.00212
3355	-0.00216
3356	-0.00263
3357	-0.00283
3358	-0.00258
3359	-0.00146
3360	-6.34264E-4
3361	8.65716E-4
3362	0.00175
3363	0.00197
3364	6.25923E-4
3365	5.85992E-4
3366	5.1764E-4
3367	8.39495E-4
3368	8.11351E-4
3369	0.00149
3370	0.00198
3371	1.98349E-4
3372	-0.00162
3373	-0.00291
3374	-0.00406
3375	-0.00479
3376	-0.00346
3377	-0.00305
3378	-0.00251
3379	-0.00205
3380	-0.00145
3381	-0.00114
3382	-2.8569E-4
3383	-5.37729E-4
3384	-0.00103
3385	-0.001
3386	-4.91353E-4
3387	8.04938E-5
3388	0.00165
3389	0.0027
3390	0.00331
3391	0.0029
3392	0.00197
3393	0.001
3394	1.19368E-5
3395	-0.0015
3396	-0.00214
3397	-9.27826E-4
3398	-6.34769E-4
3399	5.28288E-4
3400	0.00159
3401	0.00184
3402	3.77547E-4
3403	6.37511E-4
3404	0.00101
3405	9.74399E-5
3406	-3.09538E-4
3407	3.18072E-4
3408	8.15682E-4
3409	0.00126
3410	0.00202
3411	0.0031
3412	0.00298
3413	0.00271
3414	0.00276
3415	0.003
3416	0.0024
3417	0.00253
3418	0.00303
3419	0.00175
3420	0.00119
3421	0.00143
3422	0.00153
3423	-4.40098E-5
3424	-9.42765E-4
3425	-0.00423
3426	-0.00738
3427	-0.00645
3428	-0.00494
3429	-0.00265
3430	0.00143
3431	0.0054
3432	0.0063
3433	0.00799
3434	0.00933
3435	0.01085
3436	0.01158
3437	0.01163
3438	0.00989
3439	0.00837
3440	0.00599
3441	0.0043
3442	0.00293
3443	0.00201
3444	0.00166
3445	0.00303
3446	0.0039
3447	0.00267
3448	0.0024
3449	0.00106
3450	2.0672E-4
3451	-5.90194E-4
3452	9.64067E-4
3453	0.00169
3454	0.00301
3455	0.00239
3456	0.00135
3457	3.86659E-4
3458	-5.08508E-4
3459	-0.00227
3460	-0.00273
3461	-0.00276
3462	-0.00275
3463	-9.55253E-4
3464	0.00126
3465	0.00265
3466	0.00356
3467	0.00398
3468	0.00337
3469	0.00223
3470	0.00218
3471	0.00225
3472	0.00134
3473	-3.84615E-4
3474	-0.00135
3475	-0.00251
3476	-0.00281
3477	-0.00233
3478	-0.0016
3479	-5.32038E-4
3480	7.64357E-4
3481	0.00137
3482	0.0011
3483	9.05481E-4
3484	5.36479E-4
3485	-4.82523E-4
3486	-0.00352
3487	-0.00798
3488	-0.00981
3489	-0.01019
3490	-0.01019
3491	-0.00641
3492	-5.83593E-4
3493	0.00155
3494	0.00323
3495	0.00385
3496	0.0026
3497	9.74836E-4
3498	3.87513E-4
3499	-0.00185
3500	-0.00234
3501	-0.00202
3502	-6.52894E-4
3503	-9.84641E-4
3504	-0.0023
3505	-0.00113
3506	-5.4988E-4
3507	-3.72241E-4
3508	0.00165
3509	0.00419
3510	0.00409
3511	0.00341
3512	-2.97278E-4
3513	-0.00345
3514	-0.00327
3515	-0.00337
3516	-0.00276
3517	0.00143
3518	0.00485
3519	0.00531
3520	0.00525
3521	0.00342
3522	0.00158
3523	7.9456E-6
3524	-9.90572E-4
3525	-0.00182
3526	-9.17607E-4
3527	-0.00141
3528	-0.00203
3529	-0.00207
3530	-0.0013
3531	-9.40317E-4
3532	8.51134E-4
3533	0.00257
3534	0.0032
3535	0.00301
3536	0.00388
3537	0.00326
3538	0.00236
3539	0.00183
3540	5.99762E-4
3541	2.26848E-5
3542	3.65608E-4
3543	6.49023E-4
3544	4.62585E-4
3545	-0.00204
3546	-0.006
3547	-0.00657
3548	-0.00633
3549	-0.00578
3550	-0.00166
3551	0.00482
3552	0.00942
3553	0.01418
3554	0.01875
3555	0.02083
3556	0.021
3557	0.01869
3558	0.0148
3559	0.01053
3560	0.00852
3561	0.00589
3562	0.00345
3563	0.0024
3564	0.00206
3565	6.53009E-4
3566	-8.48596E-5
3567	4.07271E-4
3568	6.8877E-4
3569	-5.50455E-4
3570	-0.00245
3571	-0.00234
3572	-0.00295
3573	-0.00386
3574	-0.00205
3575	6.9974E-5
3576	-4.21006E-4
3577	-9.71985E-4
3578	-0.00183
3579	-0.00299
3580	-0.00347
3581	-0.00312
3582	-0.00376
3583	-0.00306
3584	-0.00156
3585	-8.14781E-5
3586	1.82836E-4
3587	0.00121
3588	0.00117
3589	0.00107
3590	0.00118
3591	0.00104
3592	5.26091E-4
3593	4.76821E-4
3594	-0.00129
3595	-0.00281
3596	-0.00278
3597	-0.00182
3598	-2.3506E-4
3599	0.00108
3600	9.22033E-4
3601	4.55794E-5
3602	-9.00874E-4
3603	-0.0029
3604	-0.00319
3605	-0.00199
3606	-5.9031E-4
3607	-2.81239E-4
3608	-6.42167E-4
3609	-0.00227
3610	-0.00298
3611	-0.00328
3612	-0.00354
3613	-0.00244
3614	1.82106E-4
3615	9.62853E-4
3616	2.43601E-4
3617	0.00117
3618	0.00172
3619	0.00115
3620	6.91045E-4
3621	0.00153
3622	0.00199
3623	0.00216
3624	0.00175
3625	0.0015
3626	0.00141
3627	0.00116
3628	1.01962E-4
3629	-3.64187E-4
3630	-7.60886E-4
3631	-0.00163
3632	-0.00163
3633	-8.20982E-4
3634	-5.90237E-5
3635	9.12306E-4
3636	0.0012
3637	5.54966E-4
3638	2.36296E-4
3639	-4.34498E-5
3640	-0.00151
3641	-0.00179
3642	-9.44658E-4
3643	-6.15061E-4
3644	-5.06269E-4
3645	9.91892E-4
3646	0.00216
3647	0.00207
3648	0.00119
3649	-6.02959E-6
3650	-0.00122
3651	-0.00138
3652	-0.00149
3653	-5.57908E-4
3654	6.08728E-4
3655	0.00181
3656	0.00155
3657	0.00115
3658	6.23254E-4
3659	-2.40884E-4
3660	-0.00162
3661	-0.00245
3662	-0.00251
3663	-0.00258
3664	-0.00267
3665	-0.0052
3666	-0.01129
3667	-0.01473
3668	-0.01604
3669	-0.01496
3670	-0.01133
3671	-0.00352
3672	0.00224
3673	0.00587
3674	0.00666
3675	0.00848
3676	0.01051
3677	0.01065
3678	0.00918
3679	0.00843
3680	0.00694
3681	0.00486
3682	0.00306
3683	0.0022
3684	0.00168
3685	9.86803E-4
3686	6.29496E-4
3687	-3.97812E-4
3688	-0.00299
3689	-0.00419
3690	-0.00572
3691	-0.00804
3692	-0.00798
3693	-0.00553
3694	-0.00375
3695	-7.08913E-4
3696	0.00172
3697	0.00228
3698	-9.29918E-5
3699	-9.51018E-4
3700	-0.00208
3701	-0.00245
3702	-0.00275
3703	2.75786E-4
3704	0.00112
3705	0.00163
3706	0.00179
3707	7.3192E-4
3708	2.53387E-4
3709	-3.85146E-4
3710	-5.63813E-4
3711	-8.22519E-4
3712	2.88774E-4
3713	3.90068E-4
3714	5.81361E-4
3715	-3.74473E-5
3716	-2.62967E-5
3717	0.00107
3718	9.66004E-4
3719	1.87155E-4
3720	-1.81823E-4
3721	-7.40869E-4
3722	-0.00256
3723	-0.00297
3724	-0.00214
3725	-9.27135E-4
3726	-7.66318E-4
3727	6.14498E-4
3728	0.00108
3729	0.00167
3730	0.00142
3731	0.00151
3732	5.59032E-4
3733	9.00263E-5
3734	-9.68979E-4
3735	-0.00141
3736	-5.76496E-4
3737	5.04834E-4
3738	0.00122
3739	0.00162
3740	0.00165
3741	0.00131
3742	8.42545E-4
3743	0.00104
3744	0.00123
3745	6.07958E-4
3746	-3.8998E-4
3747	-0.00127
3748	-0.00219
3749	-0.00168
3750	-7.17126E-5
3751	6.1042E-4
3752	0.00229
3753	0.00325
3754	0.00307
3755	0.00269
3756	0.00182
3757	-6.4729E-4
3758	-8.55383E-4
3759	-8.83476E-4
3760	-0.00121
3761	-7.8071E-4
3762	-9.69838E-6
3763	-6.86867E-5
3764	-8.97675E-4
3765	-4.86828E-4
3766	-1.73022E-5
3767	4.12223E-4
3768	2.31748E-4
3769	1.01274E-4
3770	-0.00151
3771	-0.00291
3772	-0.00344
3773	-0.00343
3774	-0.00323
3775	-0.00211
3776	-5.05993E-4
3777	6.9952E-4
3778	0.00199
3779	0.00339
3780	0.00374
3781	0.00111
3782	-5.7633E-4
3783	-0.00169
3784	-0.00274
3785	-0.00548
3786	-0.00702
3787	-0.00693
3788	-0.0069
3789	-0.00712
3790	-0.00454
3791	6.76456E-4
3792	0.00419
3793	0.00723
3794	0.01009
3795	0.01166
3796	0.01278
3797	0.01156
3798	0.00939
3799	0.00811
3800	0.00674
3801	0.00448
3802	0.00346
3803	9.7844E-4
3804	-3.4377E-4
3805	-0.00209
3806	-0.00328
3807	-0.00466
3808	-0.00401
3809	-0.00435
3810	-0.00465
3811	-0.0045
3812	-0.00383
3813	-0.00274
3814	-0.00223
3815	0.00227
3816	0.00226
3817	-8.15663E-4
3818	-0.00395
3819	-0.00774
3820	-0.01437
3821	-0.01608
3822	-0.01457
3823	-0.01384
3824	-0.00948
3825	-0.0032
3826	-2.11314E-5
3827	0.00154
3828	0.0031
3829	0.00164
3830	-0.00109
3831	-0.00354
3832	-0.00457
3833	-0.00459
3834	-0.0048
3835	-0.00578
3836	-0.00311
3837	-1.56608E-4
3838	0.00164
3839	0.00295
3840	0.00401
3841	0.00198
3842	0.00141
3843	8.07037E-5
3844	-1.5839E-4
3845	8.02515E-4
3846	0.00273
3847	0.0033
3848	0.00347
3849	0.0037
3850	0.00337
3851	1.85922E-4
3852	-0.00397
3853	-0.00456
3854	-0.00515
3855	-0.00589
3856	-0.00285
3857	3.17124E-4
3858	3.67174E-4
3859	-9.42775E-4
3860	-8.42725E-4
3861	-0.00117
3862	-1.027E-4
3863	3.97271E-4
3864	0.00279
3865	0.00289
3866	0.00232
3867	0.00139
3868	0.00279
3869	0.00152
3870	8.86502E-4
3871	1.26328E-4
3872	-0.00109
3873	-0.00387
3874	-0.00368
3875	-0.00338
3876	-0.00193
3877	-0.00114
3878	-6.21423E-4
3879	-0.00129
3880	-8.55258E-4
3881	-8.07175E-4
3882	-2.97675E-5
3883	-9.26217E-5
3884	8.84524E-4
3885	-2.83301E-5
3886	-1.31184E-4
3887	2.75522E-4
3888	0.002
3889	0.00184
3890	0.00158
3891	4.6144E-4
3892	-0.00153
3893	-0.00309
3894	-0.00295
3895	-9.84584E-4
3896	4.13558E-5
3897	8.57113E-4
3898	0.002
3899	0.00196
3900	5.73917E-4
3901	-1.20482E-4
3902	-0.00155
3903	-0.00292
3904	-0.00343
3905	-0.00517
3906	-0.00823
3907	-0.00902
3908	-0.00712
3909	-0.00732
3910	-0.00491
3911	5.04669E-4
3912	0.00437
3913	0.00517
3914	0.00736
3915	0.00888
3916	0.00852
3917	0.0079
3918	0.0063
3919	0.00557
3920	0.00436
3921	0.00294
3922	0.00246
3923	0.00281
3924	9.2165E-4
3925	-2.71935E-4
3926	-0.00154
3927	-0.00254
3928	-0.00309
3929	-0.00134
3930	-9.18082E-4
3931	-0.0015
3932	-0.00207
3933	-0.003
3934	-0.00437
3935	-0.00406
3936	-0.00211
3937	-4.6566E-4
3938	0.00159
3939	0.00252
3940	6.59826E-4
3941	-0.00161
3942	-0.00232
3943	-0.00346
3944	-0.00384
3945	-0.00125
3946	0.00208
3947	0.00261
3948	0.00126
3949	6.45105E-4
3950	-7.43487E-5
3951	-0.00163
3952	-0.002
3953	-0.00122
3954	-0.00462
3955	-0.00848
3956	-0.00934
3957	-0.01021
3958	-0.00983
3959	-0.00547
3960	-0.00279
3961	-0.00189
3962	-8.49176E-4
3963	-0.00238
3964	-0.00236
3965	-2.25692E-4
3966	-1.01076E-4
3967	2.53541E-4
3968	0.00212
3969	0.00341
3970	0.00308
3971	0.00292
3972	0.00238
3973	0.00241
3974	5.28663E-4
3975	-7.53814E-4
3976	-0.00144
3977	-0.00306
3978	-0.00361
3979	-0.00367
3980	-0.00399
3981	-0.00458
3982	-0.0036
3983	-0.00395
3984	-0.00309
3985	-0.00243
3986	-3.72992E-4
3987	4.9587E-4
3988	0.0013
3989	0.00132
3990	0.00149
3991	9.26664E-4
3992	5.47074E-4
3993	5.88452E-4
3994	7.51332E-4
3995	0.00115
3996	0.00156
3997	0.00183
3998	0.00266
3999	0.00303
4000	0.00355
4001	0.00433
4002	0.0053
4003	0.00515
4004	0.00388
4005	0.00371
4006	0.00249
4007	0.00163
4008	6.79466E-4
4009	7.60165E-4
4010	-3.39136E-4
4011	-8.88437E-4
4012	-0.00291
4013	-0.00399
4014	-0.00534
4015	-0.00612
4016	-0.00522
4017	-0.00334
4018	-8.52194E-4
4019	0.00165
4020	0.00352
4021	0.00436
4022	0.00405
4023	0.00142
4024	-1.29708E-4
4025	-0.00514
4026	-0.01176
4027	-0.01207
4028	-0.01096
4029	-0.01114
4030	-0.00764
4031	-0.0026
4032	-9.84896E-4
4033	0.00214
4034	0.00373
4035	0.00509
4036	0.00702
4037	0.00796
4038	0.00583
4039	0.00586
4040	0.00552
4041	0.00439
4042	0.00197
4043	0.00149
4044	0.00129
4045	0.00102
4046	8.33604E-4
4047	0.00128
4048	6.01462E-4
4049	-7.62649E-5
4050	3.55386E-4
4051	2.47037E-4
4052	-3.81312E-4
4053	2.40339E-4
4054	2.80259E-4
4055	9.49312E-4
4056	9.58365E-4
4057	0.00225
4058	0.00224
4059	0.00219
4060	-3.10107E-4
4061	-0.00216
4062	-0.00392
4063	-0.00369
4064	-0.00444
4065	-0.00231
4066	1.98472E-4
4067	0.00364
4068	0.00475
4069	0.00569
4070	0.0041
4071	0.0021
4072	-0.00204
4073	-0.00423
4074	-0.00457
4075	-0.00413
4076	-0.00338
4077	-0.00212
4078	-0.00208
4079	-8.36726E-5
4080	0.00164
4081	0.00156
4082	0.00132
4083	0.00171
4084	-0.00125
4085	-0.00272
4086	-0.00118
4087	-0.00206
4088	-0.00284
4089	-0.00212
4090	-0.00204
4091	-0.00312
4092	-0.00105
4093	8.69483E-4
4094	0.00139
4095	0.00198
4096	-0.00179
4097	-0.00533
4098	-0.00779
4099	-0.00852
4100	-0.00934
4101	-0.00512
4102	-0.00159
4103	0.0013
4104	0.00312
4105	0.00356
4106	0.00286
4107	0.00251
4108	7.36744E-4
4109	-3.13084E-4
4110	-4.83391E-4
4111	1.66301E-4
4112	2.25994E-4
4113	0.00113
4114	0.00172
4115	0.00383
4116	0.00372
4117	0.00381
4118	0.00467
4119	0.00507
4120	0.00308
4121	0.00284
4122	0.0028
4123	8.40328E-4
4124	-8.68429E-5
4125	-6.52323E-4
4126	-8.77435E-4
4127	-0.00188
4128	-0.00177
4129	-0.00176
4130	-9.36408E-4
4131	-5.29584E-4
4132	6.47241E-4
4133	0.00123
4134	0.00116
4135	9.69123E-4
4136	-1.2204E-4
4137	2.76796E-4
4138	9.05633E-4
4139	6.5447E-4
4140	5.54563E-4
4141	0.00132
4142	5.61664E-5
4143	-5.83032E-4
4144	0.00122
4145	7.09617E-4
4146	-0.00254
4147	-0.00427
4148	-0.00525
4149	-0.00826
4150	-0.00838
4151	-0.00555
4152	-0.00102
4153	0.00221
4154	0.00556
4155	0.00861
4156	0.01043
4157	0.00899
4158	0.00517
4159	0.00265
4160	0.00151
4161	0.00247
4162	0.00161
4163	0.00252
4164	0.00217
4165	6.89576E-4
4166	-0.00142
4167	-0.00114
4168	-3.76188E-4
4169	-3.5811E-4
4170	-8.39774E-4
4171	-0.00131
4172	-0.00265
4173	-0.00395
4174	-0.00459
4175	-0.00431
4176	-0.0045
4177	-0.006
4178	-0.00561
4179	-0.00454
4180	-0.00411
4181	-0.00205
4182	0.00138
4183	0.00348
4184	0.00471
4185	0.00514
4186	0.00403
4187	0.0022
4188	9.83155E-5
4189	-8.70939E-4
4190	-0.00192
4191	-0.0024
4192	-0.00227
4193	-0.00132
4194	-0.00109
4195	6.74932E-4
4196	0.00215
4197	0.00194
4198	5.29319E-4
4199	-3.29215E-4
4200	-0.00262
4201	-0.00454
4202	-0.00292
4203	-0.00178
4204	-0.00177
4205	-0.00152
4206	-6.7374E-4
4207	-4.70267E-4
4208	5.32052E-5
4209	0.00208
4210	0.00413
4211	0.00384
4212	0.00319
4213	0.00325
4214	0.00236
4215	4.58061E-4
4216	2.8558E-4
4217	-1.16228E-4
4218	-1.08037E-4
4219	-4.79846E-4
4220	1.78346E-4
4221	2.48197E-4
4222	8.58856E-4
4223	5.99515E-4
4224	9.50173E-4
4225	0.00141
4226	2.72903E-4
4227	0.00225
4228	0.00343
4229	0.00321
4230	0.00122
4231	0.00158
4232	-0.00114
4233	-0.00375
4234	-0.00355
4235	-0.00276
4236	-0.00194
4237	-9.9131E-4
4238	-2.25483E-4
4239	1.30343E-4
4240	0.00167
4241	0.00198
4242	0.00205
4243	0.0025
4244	0.00113
4245	-4.01089E-4
4246	-1.44333E-4
4247	-1.07382E-4
4248	3.39569E-4
4249	7.76521E-4
4250	4.53472E-4
4251	-0.00184
4252	-0.00389
4253	-0.00517
4254	-0.00458
4255	-0.00269
4256	-0.00155
4257	8.93012E-5
4258	0.00108
4259	0.00192
4260	0.00333
4261	0.00406
4262	0.00377
4263	0.00358
4264	0.00232
4265	-0.00247
4266	-0.00734
4267	-0.00885
4268	-0.00883
4269	-0.00869
4270	-0.0063
4271	-0.00145
4272	0.00149
4273	0.00401
4274	0.00652
4275	0.00939
4276	0.00974
4277	0.00879
4278	0.00623
4279	0.00345
4280	0.00127
4281	0.00146
4282	7.8474E-4
4283	7.59446E-4
4284	0.00108
4285	9.28857E-4
4286	3.73562E-4
4287	-3.01919E-4
4288	-6.27424E-4
4289	-2.6293E-4
4290	-9.08435E-4
4291	-0.0011
4292	3.70396E-4
4293	0.00164
4294	9.99002E-4
4295	9.23305E-4
4296	0.00169
4297	0.00351
4298	0.00315
4299	0.00358
4300	0.00388
4301	0.00273
4302	-2.67677E-4
4303	-0.00214
4304	-0.00266
4305	-0.00181
4306	-0.00133
4307	-9.6788E-4
4308	5.75962E-4
4309	0.00132
4310	6.43647E-4
4311	2.97489E-4
4312	-4.18732E-4
4313	-0.00143
4314	-0.00223
4315	-0.00205
4316	-0.00203
4317	-0.00104
4318	-0.00103
4319	-0.00204
4320	-0.00266
4321	-0.00155
4322	-8.20422E-4
4323	3.42031E-5
4324	0.00136
4325	0.00252
4326	0.00205
4327	0.00168
4328	0.00195
4329	0.00191
4330	0.00171
4331	0.00101
4332	2.75209E-4
4333	2.03467E-4
4334	-2.68276E-4
4335	-0.00147
4336	-0.00174
4337	-0.00189
4338	-0.00265
4339	-0.00209
4340	-9.31202E-4
4341	-3.2065E-4
4342	7.70547E-4
4343	0.00168
4344	0.00204
4345	0.00152
4346	0.00243
4347	0.00231
4348	0.00187
4349	0.00109
4350	3.08999E-4
4351	-4.74118E-4
4352	-7.66872E-4
4353	-2.56428E-4
4354	7.44016E-4
4355	9.44461E-4
4356	0.00141
4357	0.00149
4358	9.79488E-4
4359	7.73479E-4
4360	6.9747E-4
4361	7.81461E-4
4362	7.15452E-4
4363	0.00105
4364	0.00164
4365	0.00317
4366	0.00318
4367	0.00357
4368	0.0029
4369	7.51287E-4
4370	5.41161E-4
4371	0.00239
4372	5.20908E-4
4373	-0.00206
4374	-0.00194
4375	-0.00297
4376	-0.00515
4377	-0.00514
4378	-0.00309
4379	-0.00111
4380	0.00187
4381	0.00402
4382	0.00553
4383	0.00469
4384	0.00143
4385	-0.00399
4386	-0.01212
4387	-0.01516
4388	-0.01398
4389	-0.01244
4390	-0.01256
4391	-0.00406
4392	9.18569E-5
4393	0.0029
4394	0.00761
4395	0.00922
4396	0.00592
4397	0.00294
4398	3.17323E-4
4399	-0.00279
4400	-0.00192
4401	-0.00235
4402	-9.51505E-4
4403	-0.0018
4404	-0.00307
4405	-0.00253
4406	-0.00102
4407	3.7876E-4
4408	0.00195
4409	0.00218
4410	2.10617E-4
4411	-0.0024
4412	-0.004
4413	-0.00569
4414	-0.00642
4415	-0.00554
4416	-0.00288
4417	-0.00229
4418	1.82886E-4
4419	0.00163
4420	8.28057E-4
4421	7.56423E-5
4422	-4.76772E-4
4423	-0.00147
4424	-0.00138
4425	5.37904E-4
4426	3.91908E-4
4427	0.00114
4428	9.89135E-4
4429	0.00124
4430	0.00116
4431	0.00197
4432	0.0021
4433	0.00213
4434	9.24135E-4
4435	0.0011
4436	7.35233E-4
4437	-0.00118
4438	-0.0013
4439	-0.0014
4440	-0.00202
4441	-0.0015
4442	-0.0027
4443	-0.00272
4444	-0.00127
4445	-0.0017
4446	-0.00352
4447	-0.00179
4448	-0.00309
4449	-0.00436
4450	-0.00652
4451	-0.00765
4452	-0.00611
4453	-0.00336
4454	-0.00323
4455	8.30602E-4
4456	0.00396
4457	0.00268
4458	0.0012
4459	0.00191
4460	0.00143
4461	0.0011
4462	0.00165
4463	0.00259
4464	0.00244
4465	0.00194
4466	0.00197
4467	0.0031
4468	0.00325
4469	0.00263
4470	0.00172
4471	3.27852E-4
4472	-0.00188
4473	-0.00304
4474	-0.00178
4475	-0.00142
4476	2.18853E-4
4477	0.00219
4478	0.00252
4479	0.00178
4480	0.00173
4481	7.17841E-4
4482	4.6457E-4
4483	0.00181
4484	0.00244
4485	0.00308
4486	0.00297
4487	0.00109
4488	-2.34657E-4
4489	-0.00202
4490	-0.0023
4491	-0.00163
4492	4.9052E-5
4493	-1.79731E-4
4494	0.00194
4495	0.00121
4496	6.28875E-4
4497	-2.17852E-4
4498	-2.458E-5
4499	-6.6064E-4
4500	3.14538E-4
4501	0.00188
4502	0.00343
4503	0.00326
4504	0.00305
4505	0.00167
4506	-0.00442
4507	-0.00795
4508	-0.00852
4509	-0.0091
4510	-0.00813
4511	-0.00277
4512	7.65896E-4
4513	0.0025
4514	0.0042
4515	0.0077
4516	0.01104
4517	0.01383
4518	0.0148
4519	0.01475
4520	0.01275
4521	0.01142
4522	0.00754
4523	0.00416
4524	0.00345
4525	0.00125
4526	-0.00176
4527	-6.57377E-4
4528	0.00116
4529	2.26483E-4
4530	-3.708E-4
4531	-0.00308
4532	-0.0074
4533	-0.00714
4534	-0.00534
4535	-0.00383
4536	-5.23263E-4
4537	0.00286
4538	7.43412E-4
4539	-0.00189
4540	-0.0018
4541	-0.00151
4542	-6.62014E-4
4543	-0.00369
4544	-0.00695
4545	-0.00836
4546	-0.01099
4547	-0.01192
4548	-0.00717
4549	-0.00319
4550	-0.00169
4551	8.33611E-4
4552	-2.82326E-4
4553	-0.00139
4554	-0.00262
4555	-0.00372
4556	-0.00312
4557	-6.72352E-4
4558	0.00152
4559	0.00426
4560	0.00539
4561	0.00343
4562	0.00249
4563	0.00185
4564	0.00191
4565	0.00217
4566	0.0027
4567	0.00211
4568	0.00137
4569	1.09599E-4
4570	-0.0014
4571	-0.00207
4572	-0.00365
4573	-0.00533
4574	-0.0063
4575	-0.00577
4576	-0.00329
4577	-4.8201E-4
4578	0.00221
4579	0.00428
4580	0.00446
4581	0.00314
4582	0.00235
4583	0.00173
4584	1.61023E-4
4585	-6.26986E-4
4586	-0.00214
4587	-0.0031
4588	-0.00347
4589	-0.00243
4590	-0.00127
4591	1.67149E-4
4592	4.90021E-4
4593	-7.37108E-4
4594	-5.24236E-4
4595	3.18906E-4
4596	4.43116E-4
4597	0.00119
4598	0.00351
4599	0.00306
4600	0.00359
4601	0.00324
4602	0.00128
4603	-2.01588E-4
4604	-1.25523E-4
4605	-8.69311E-4
4606	9.48569E-4
4607	0.00342
4608	0.00589
4609	0.00944
4610	0.01099
4611	0.0093
4612	0.00706
4613	0.00278
4614	-0.00349
4615	-0.00859
4616	-0.00794
4617	-0.00932
4618	-0.00964
4619	-0.00805
4620	-0.00513
4621	-0.00712
4622	-0.00391
4623	-4.09603E-4
4624	0.0015
4625	0.00125
4626	-4.25599E-4
4627	-0.00447
4628	-0.00589
4629	-0.00764
4630	-0.00737
4631	-0.00322
4632	0.00265
4633	0.00534
4634	0.008
4635	0.0098
4636	0.01086
4637	0.01146
4638	0.01168
4639	0.01177
4640	0.01028
4641	0.0077
4642	0.00447
4643	-9.5696E-5
4644	-0.0039
4645	-0.00458
4646	-0.00333
4647	-0.00138
4648	0.00116
4649	0.00436
4650	0.00545
4651	0.00269
4652	-0.00161
4653	-0.00271
4654	-0.00381
4655	-0.00336
4656	1.11762E-4
4657	0.00233
4658	0.00377
4659	0.00382
4660	0.00302
4661	0.00176
4662	0.00208
4663	8.20753E-4
4664	-5.63858E-4
4665	-0.00114
4666	-0.00131
4667	-0.00127
4668	-4.80682E-5
4669	0.00228
4670	0.00348
4671	0.005
4672	0.0055
4673	0.00539
4674	0.00412
4675	0.00279
4676	0.00194
4677	0.00149
4678	-1.31841E-4
4679	-4.3376E-4
4680	-5.55678E-4
4681	-0.00152
4682	-0.00311
4683	-0.00532
4684	-0.00644
4685	-0.00623
4686	-0.00393
4687	-0.00221
4688	0.00208
4689	0.0041
4690	0.00221
4691	-0.00282
4692	-0.00278
4693	-0.00371
4694	-0.00526
4695	-0.00426
4696	-0.00197
4697	-0.00369
4698	-0.00528
4699	-0.00407
4700	-0.00311
4701	-0.00189
4702	0.0022
4703	0.00416
4704	0.00249
4705	-1.22161E-4
4706	-0.00207
4707	-0.00505
4708	-0.00445
4709	-0.00162
4710	0.00223
4711	0.00327
4712	0.00317
4713	0.0012
4714	-0.00223
4715	-0.00384
4716	-0.00296
4717	-0.00301
4718	-0.00332
4719	-9.01208E-4
4720	0.00136
4721	0.00183
4722	0.00251
4723	0.0038
4724	0.00266
4725	8.36668E-4
4726	8.0391E-4
4727	9.6999E-4
4728	7.35391E-4
4729	0.00145
4730	2.46193E-4
4731	-4.78406E-4
4732	-0.00112
4733	-0.0018
4734	-0.00311
4735	-0.00265
4736	-0.00195
4737	-0.00188
4738	-2.07805E-4
4739	0.00132
4740	8.34391E-4
4741	-0.00338
4742	-0.00453
4743	-0.00501
4744	-0.00399
4745	-0.00218
4746	-0.0015
4747	-0.00246
4748	-0.00435
4749	-0.00657
4750	-0.00768
4751	-0.0051
4752	-0.00219
4753	1.1388E-4
4754	0.00197
4755	0.00395
4756	0.00579
4757	0.00598
4758	0.00546
4759	0.00552
4760	0.00535
4761	0.0028
4762	0.00131
4763	4.45645E-4
4764	-0.00102
4765	-0.00306
4766	-0.00311
4767	-0.00415
4768	-0.00352
4769	-0.00339
4770	-0.00292
4771	-0.0029
4772	-7.23042E-4
4773	-0.00109
4774	-6.27621E-4
4775	-4.90976E-6
4776	0.00124
4777	-3.19494E-4
4778	-0.00232
4779	-0.00328
4780	-0.00371
4781	-0.00306
4782	-0.00115
4783	3.75437E-4
4784	5.37941E-4
4785	-8.39556E-4
4786	-0.00397
4787	-0.00608
4788	-0.0046
4789	-0.00422
4790	-0.00239
4791	2.66626E-4
4792	0.0024
4793	0.00309
4794	0.0053
4795	0.00573
4796	0.00517
4797	0.00321
4798	0.00126
4799	-0.00165
4800	-0.00339
4801	-0.004
4802	-0.00412
4803	-0.00417
4804	-0.00325
4805	-0.00226
4806	-0.00169
4807	4.28222E-4
4808	0.00111
4809	6.21249E-4
4810	-2.03181E-6
4811	2.46876E-5
4812	-0.00166
4813	-0.00213
4814	-0.00127
4815	-3.63373E-4
4816	0.00133
4817	0.00327
4818	0.00328
4819	0.0029
4820	0.0025
4821	9.18288E-4
4822	0.00135
4823	0.00136
4824	0.00105
4825	0.00178
4826	0.00332
4827	0.00373
4828	0.00584
4829	0.00608
4830	0.00339
4831	9.88093E-4
4832	-0.00211
4833	-0.00338
4834	-0.004
4835	-0.00298
4836	-0.0029
4837	-0.00217
4838	-0.00247
4839	-0.00228
4840	-0.00248
4841	-0.00121
4842	-4.81397E-4
4843	-0.00161
4844	-5.00711E-4
4845	9.49886E-4
4846	2.20483E-4
4847	3.41079E-4
4848	0.00128
4849	9.33113E-4
4850	-1.65579E-4
4851	-9.42715E-5
4852	6.27036E-4
4853	0.00117
4854	0.00202
4855	0.00261
4856	0.00186
4857	3.16188E-4
4858	-0.00147
4859	-0.00214
4860	-0.00184
4861	-0.0016
4862	-0.00121
4863	-0.00152
